0.692308 1.0 0.0 0.0 -0.8333333333333334 -1.0 0.0 0.16727140193180473 0.0 0.636927619872692 0.7350992211177716 1.0 0.28183091516500586 0.0 0.0 1.0 1.0 0.0 0.0 1.0 1.0 0.013205163259903197 0.8736542121892705 0.1542478180727142 0.017797353962816467 2.314397145296704E-4 0.10718058639811366 0.0013395614876422649 2.438266840221435E-4
0.692308 1.0 0.0 0.0 -0.8333333333333334 -0.75 0.0 0.16727140193180473 0.0 0.636927619872692 0.7350992211177716 1.0 0.28183091516500586 0.0 0.0 1.0 1.0 0.0 0.0 1.0 1.0 0.013205163259903197 0.8736542121892705 0.1542478180727142 0.017797353962816467 2.314397145296704E-4 0.10718058639811366 0.0013395614876422649 2.438266840221435E-4
0.692308 1.0 0.0 0.0 -0.8333333333333334 -0.5 0.0 0.16727140193180473 0.0 0.636927619872692 0.7350992211177716 1.0 0.28183091516500586 0.0 0.0 1.0 1.0 0.0 0.0 1.0 1.0 0.013205163259903197 0.8736542121892705 0.1542478180727142 0.017797353962816467 2.314397145296704E-4 0.10718058639811366 0.0013395614876422649 2.438266840221435E-4
0.692308 1.0 0.0 0.0 -0.8333333333333334 -0.3252574989159953 0.0 0.16727140193180473 0.0 0.636927619872692 0.7350992211177716 1.0 0.28183091516500586 0.0 0.0 1.0 1.0 0.0 0.0 1.0 1.0 0.013205163259903197 0.8736542121892705 0.1542478180727142 0.017797353962816467 2.314397145296704E-4 0.10718058639811366 0.0013395614876422649 2.438266840221435E-4
0.692308 1.0 0.0 0.0 -0.8333333333333334 -0.25 0.0 0.16727140193180473 0.0 0.636927619872692 0.7350992211177716 1.0 0.28183091516500586 0.0 0.0 1.0 1.0 0.0 0.0 1.0 1.0 0.013205163259903197 0.8736542121892705 0.1542478180727142 0.017797353962816467 2.314397145296704E-4 0.10718058639811366 0.0013395614876422649 2.438266840221435E-4
0.692308 1.0 0.0 0.0 -0.8333333333333334 -0.0752574989159953 0.0 0.16727140193180473 0.0 0.636927619872692 0.7350992211177716 1.0 0.28183091516500586 0.0 0.0 1.0 1.0 0.0 0.0 1.0 1.0 0.013205163259903197 0.8736542121892705 0.1542478180727142 0.017797353962816467 2.314397145296704E-4 0.10718058639811366 0.0013395614876422649 2.438266840221435E-4
0.692308 1.0 0.0 0.0 -0.8333333333333334 0.75 0.0 0.16727140193180473 0.0 0.636927619872692 0.7350992211177716 1.0 0.28183091516500586 0.0 0.0 1.0 1.0 0.0 0.0 1.0 1.0 0.013205163259903197 0.8736542121892705 0.1542478180727142 0.017797353962816467 2.314397145296704E-4 0.10718058639811366 0.0013395614876422649 2.438266840221435E-4
0.692308 1.0 0.0 0.0 -0.8333333333333334 0.5000000000000001 0.0 0.16727140193180473 0.0 0.636927619872692 0.7350992211177716 1.0 0.28183091516500586 0.0 0.0 1.0 1.0 0.0 0.0 1.0 1.0 0.013205163259903197 0.8736542121892705 0.1542478180727142 0.017797353962816467 2.314397145296704E-4 0.10718058639811366 0.0013395614876422649 2.438266840221435E-4
0.692308 1.0 0.0 0.0 -0.8333333333333334 0.25000000000000006 0.0 0.16727140193180473 0.0 0.636927619872692 0.7350992211177716 1.0 0.28183091516500586 0.0 0.0 1.0 1.0 0.0 0.0 1.0 1.0 0.013205163259903197 0.8736542121892705 0.1542478180727142 0.017797353962816467 2.314397145296704E-4 0.10718058639811366 0.0013395614876422649 2.438266840221435E-4
0.692308 1.0 0.0 0.0 -0.8333333333333334 0.0 0.0 0.16727140193180473 0.0 0.636927619872692 0.7350992211177716 1.0 0.28183091516500586 0.0 0.0 1.0 1.0 0.0 0.0 1.0 1.0 0.013205163259903197 0.8736542121892705 0.1542478180727142 0.017797353962816467 2.314397145296704E-4 0.10718058639811366 0.0013395614876422649 2.438266840221435E-4
0.692308 1.0 0.0 0.0 -0.8333333333333334 0.3252574989159953 0.0 0.16727140193180473 0.0 0.636927619872692 0.7350992211177716 1.0 0.28183091516500586 0.0 0.0 1.0 1.0 0.0 0.0 1.0 1.0 0.013205163259903197 0.8736542121892705 0.1542478180727142 0.017797353962816467 2.314397145296704E-4 0.10718058639811366 0.0013395614876422649 2.438266840221435E-4
0.692308 1.0 0.0 0.0 -0.8333333333333334 0.0752574989159953 0.0 0.16727140193180473 0.0 0.636927619872692 0.7350992211177716 1.0 0.28183091516500586 0.0 0.0 1.0 1.0 0.0 0.0 1.0 1.0 0.013205163259903197 0.8736542121892705 0.1542478180727142 0.017797353962816467 2.314397145296704E-4 0.10718058639811366 0.0013395614876422649 2.438266840221435E-4
0.692308 1.0 0.0 0.0 -0.8333333333333334 0.4247425010840047 0.0 0.16727140193180473 0.0 0.636927619872692 0.7350992211177716 1.0 0.28183091516500586 0.0 0.0 1.0 1.0 0.0 0.0 1.0 1.0 0.013205163259903197 0.8736542121892705 0.1542478180727142 0.017797353962816467 2.314397145296704E-4 0.10718058639811366 0.0013395614876422649 2.438266840221435E-4
0.692308 1.0 0.0 0.0 -0.8333333333333334 0.1747425010840047 0.0 0.16727140193180473 0.0 0.636927619872692 0.7350992211177716 1.0 0.28183091516500586 0.0 0.0 1.0 1.0 0.0 0.0 1.0 1.0 0.013205163259903197 0.8736542121892705 0.1542478180727142 0.017797353962816467 2.314397145296704E-4 0.10718058639811366 0.0013395614876422649 2.438266840221435E-4
0.692308 1.0 0.0 0.0 -0.6666666666666666 -1.0 0.0 0.16727140193180473 0.0 0.636927619872692 0.7350992211177716 1.0 0.28183091516500586 0.0 0.0 1.0 1.0 0.0 0.0 1.0 1.0 0.013205163259903197 0.8736542121892705 0.1542478180727142 0.017797353962816467 2.314397145296704E-4 0.10718058639811366 0.0013395614876422649 2.438266840221435E-4
0.692308 1.0 0.0 0.0 -0.6666666666666666 -0.75 0.0 0.16727140193180473 0.0 0.636927619872692 0.7350992211177716 1.0 0.28183091516500586 0.0 0.0 1.0 1.0 0.0 0.0 1.0 1.0 0.013205163259903197 0.8736542121892705 0.1542478180727142 0.017797353962816467 2.314397145296704E-4 0.10718058639811366 0.0013395614876422649 2.438266840221435E-4
0.692308 1.0 0.0 0.0 -0.6666666666666666 -0.5 0.0 0.16727140193180473 0.0 0.636927619872692 0.7350992211177716 1.0 0.28183091516500586 0.0 0.0 1.0 1.0 0.0 0.0 1.0 1.0 0.013205163259903197 0.8736542121892705 0.1542478180727142 0.017797353962816467 2.314397145296704E-4 0.10718058639811366 0.0013395614876422649 2.438266840221435E-4
0.692308 1.0 0.0 0.0 -0.6666666666666666 -0.3252574989159953 0.0 0.16727140193180473 0.0 0.636927619872692 0.7350992211177716 1.0 0.28183091516500586 0.0 0.0 1.0 1.0 0.0 0.0 1.0 1.0 0.013205163259903197 0.8736542121892705 0.1542478180727142 0.017797353962816467 2.314397145296704E-4 0.10718058639811366 0.0013395614876422649 2.438266840221435E-4
0.692308 1.0 0.0 0.0 -0.6666666666666666 -0.25 0.0 0.16727140193180473 0.0 0.636927619872692 0.7350992211177716 1.0 0.28183091516500586 0.0 0.0 1.0 1.0 0.0 0.0 1.0 1.0 0.013205163259903197 0.8736542121892705 0.1542478180727142 0.017797353962816467 2.314397145296704E-4 0.10718058639811366 0.0013395614876422649 2.438266840221435E-4
0.692308 1.0 0.0 0.0 -0.6666666666666666 -0.0752574989159953 0.0 0.16727140193180473 0.0 0.636927619872692 0.7350992211177716 1.0 0.28183091516500586 0.0 0.0 1.0 1.0 0.0 0.0 1.0 1.0 0.013205163259903197 0.8736542121892705 0.1542478180727142 0.017797353962816467 2.314397145296704E-4 0.10718058639811366 0.0013395614876422649 2.438266840221435E-4
0.692308 1.0 0.0 0.0 -0.6666666666666666 0.75 0.0 0.16727140193180473 0.0 0.636927619872692 0.7350992211177716 1.0 0.28183091516500586 0.0 0.0 1.0 1.0 0.0 0.0 1.0 1.0 0.013205163259903197 0.8736542121892705 0.1542478180727142 0.017797353962816467 2.314397145296704E-4 0.10718058639811366 0.0013395614876422649 2.438266840221435E-4
0.692308 1.0 0.0 0.0 -0.6666666666666666 0.5000000000000001 0.0 0.16727140193180473 0.0 0.636927619872692 0.7350992211177716 1.0 0.28183091516500586 0.0 0.0 1.0 1.0 0.0 0.0 1.0 1.0 0.013205163259903197 0.8736542121892705 0.1542478180727142 0.017797353962816467 2.314397145296704E-4 0.10718058639811366 0.0013395614876422649 2.438266840221435E-4
0.692308 1.0 0.0 0.0 -0.6666666666666666 0.25000000000000006 0.0 0.16727140193180473 0.0 0.636927619872692 0.7350992211177716 1.0 0.28183091516500586 0.0 0.0 1.0 1.0 0.0 0.0 1.0 1.0 0.013205163259903197 0.8736542121892705 0.1542478180727142 0.017797353962816467 2.314397145296704E-4 0.10718058639811366 0.0013395614876422649 2.438266840221435E-4
0.692308 1.0 0.0 0.0 -0.6666666666666666 0.0 0.0 0.16727140193180473 0.0 0.636927619872692 0.7350992211177716 1.0 0.28183091516500586 0.0 0.0 1.0 1.0 0.0 0.0 1.0 1.0 0.013205163259903197 0.8736542121892705 0.1542478180727142 0.017797353962816467 2.314397145296704E-4 0.10718058639811366 0.0013395614876422649 2.438266840221435E-4
0.692308 1.0 0.0 0.0 -0.6666666666666666 0.3252574989159953 0.0 0.16727140193180473 0.0 0.636927619872692 0.7350992211177716 1.0 0.28183091516500586 0.0 0.0 1.0 1.0 0.0 0.0 1.0 1.0 0.013205163259903197 0.8736542121892705 0.1542478180727142 0.017797353962816467 2.314397145296704E-4 0.10718058639811366 0.0013395614876422649 2.438266840221435E-4
0.692308 1.0 0.0 0.0 -0.6666666666666666 0.0752574989159953 0.0 0.16727140193180473 0.0 0.636927619872692 0.7350992211177716 1.0 0.28183091516500586 0.0 0.0 1.0 1.0 0.0 0.0 1.0 1.0 0.013205163259903197 0.8736542121892705 0.1542478180727142 0.017797353962816467 2.314397145296704E-4 0.10718058639811366 0.0013395614876422649 2.438266840221435E-4
0.692308 1.0 0.0 0.0 -0.6666666666666666 0.4247425010840047 0.0 0.16727140193180473 0.0 0.636927619872692 0.7350992211177716 1.0 0.28183091516500586 0.0 0.0 1.0 1.0 0.0 0.0 1.0 1.0 0.013205163259903197 0.8736542121892705 0.1542478180727142 0.017797353962816467 2.314397145296704E-4 0.10718058639811366 0.0013395614876422649 2.438266840221435E-4
0.692308 1.0 0.0 0.0 -0.6666666666666666 0.1747425010840047 0.0 0.16727140193180473 0.0 0.636927619872692 0.7350992211177716 1.0 0.28183091516500586 0.0 0.0 1.0 1.0 0.0 0.0 1.0 1.0 0.013205163259903197 0.8736542121892705 0.1542478180727142 0.017797353962816467 2.314397145296704E-4 0.10718058639811366 0.0013395614876422649 2.438266840221435E-4
0.692308 1.0 0.0 0.0 -0.5 -1.0 0.0 0.16727140193180473 0.0 0.636927619872692 0.7350992211177716 1.0 0.28183091516500586 0.0 0.0 1.0 1.0 0.0 0.0 1.0 1.0 0.013205163259903197 0.8736542121892705 0.1542478180727142 0.017797353962816467 2.314397145296704E-4 0.10718058639811366 0.0013395614876422649 2.438266840221435E-4
0.692308 1.0 0.0 0.0 -0.5 -0.75 0.0 0.16727140193180473 0.0 0.636927619872692 0.7350992211177716 1.0 0.28183091516500586 0.0 0.0 1.0 1.0 0.0 0.0 1.0 1.0 0.013205163259903197 0.8736542121892705 0.1542478180727142 0.017797353962816467 2.314397145296704E-4 0.10718058639811366 0.0013395614876422649 2.438266840221435E-4
0.692308 1.0 0.0 0.0 -0.5 -0.5 0.0 0.16727140193180473 0.0 0.636927619872692 0.7350992211177716 1.0 0.28183091516500586 0.0 0.0 1.0 1.0 0.0 0.0 1.0 1.0 0.013205163259903197 0.8736542121892705 0.1542478180727142 0.017797353962816467 2.314397145296704E-4 0.10718058639811366 0.0013395614876422649 2.438266840221435E-4
0.692308 1.0 0.0 0.0 -0.5 -0.3252574989159953 0.0 0.16727140193180473 0.0 0.636927619872692 0.7350992211177716 1.0 0.28183091516500586 0.0 0.0 1.0 1.0 0.0 0.0 1.0 1.0 0.013205163259903197 0.8736542121892705 0.1542478180727142 0.017797353962816467 2.314397145296704E-4 0.10718058639811366 0.0013395614876422649 2.438266840221435E-4
0.692308 1.0 0.0 0.0 -0.5 -0.25 0.0 0.16727140193180473 0.0 0.636927619872692 0.7350992211177716 1.0 0.28183091516500586 0.0 0.0 1.0 1.0 0.0 0.0 1.0 1.0 0.013205163259903197 0.8736542121892705 0.1542478180727142 0.017797353962816467 2.314397145296704E-4 0.10718058639811366 0.0013395614876422649 2.438266840221435E-4
0.692308 1.0 0.0 0.0 -0.5 -0.0752574989159953 0.0 0.16727140193180473 0.0 0.636927619872692 0.7350992211177716 1.0 0.28183091516500586 0.0 0.0 1.0 1.0 0.0 0.0 1.0 1.0 0.013205163259903197 0.8736542121892705 0.1542478180727142 0.017797353962816467 2.314397145296704E-4 0.10718058639811366 0.0013395614876422649 2.438266840221435E-4
0.692308 1.0 0.0 0.0 -0.5 0.75 0.0 0.16727140193180473 0.0 0.636927619872692 0.7350992211177716 1.0 0.28183091516500586 0.0 0.0 1.0 1.0 0.0 0.0 1.0 1.0 0.013205163259903197 0.8736542121892705 0.1542478180727142 0.017797353962816467 2.314397145296704E-4 0.10718058639811366 0.0013395614876422649 2.438266840221435E-4
0.692308 1.0 0.0 0.0 -0.5 0.5000000000000001 0.0 0.16727140193180473 0.0 0.636927619872692 0.7350992211177716 1.0 0.28183091516500586 0.0 0.0 1.0 1.0 0.0 0.0 1.0 1.0 0.013205163259903197 0.8736542121892705 0.1542478180727142 0.017797353962816467 2.314397145296704E-4 0.10718058639811366 0.0013395614876422649 2.438266840221435E-4
0.692308 1.0 0.0 0.0 -0.5 0.25000000000000006 0.0 0.16727140193180473 0.0 0.636927619872692 0.7350992211177716 1.0 0.28183091516500586 0.0 0.0 1.0 1.0 0.0 0.0 1.0 1.0 0.013205163259903197 0.8736542121892705 0.1542478180727142 0.017797353962816467 2.314397145296704E-4 0.10718058639811366 0.0013395614876422649 2.438266840221435E-4
0.692308 1.0 0.0 0.0 -0.5 0.0 0.0 0.16727140193180473 0.0 0.636927619872692 0.7350992211177716 1.0 0.28183091516500586 0.0 0.0 1.0 1.0 0.0 0.0 1.0 1.0 0.013205163259903197 0.8736542121892705 0.1542478180727142 0.017797353962816467 2.314397145296704E-4 0.10718058639811366 0.0013395614876422649 2.438266840221435E-4
0.692308 1.0 0.0 0.0 -0.5 0.3252574989159953 0.0 0.16727140193180473 0.0 0.636927619872692 0.7350992211177716 1.0 0.28183091516500586 0.0 0.0 1.0 1.0 0.0 0.0 1.0 1.0 0.013205163259903197 0.8736542121892705 0.1542478180727142 0.017797353962816467 2.314397145296704E-4 0.10718058639811366 0.0013395614876422649 2.438266840221435E-4
0.692308 1.0 0.0 0.0 -0.5 0.0752574989159953 0.0 0.16727140193180473 0.0 0.636927619872692 0.7350992211177716 1.0 0.28183091516500586 0.0 0.0 1.0 1.0 0.0 0.0 1.0 1.0 0.013205163259903197 0.8736542121892705 0.1542478180727142 0.017797353962816467 2.314397145296704E-4 0.10718058639811366 0.0013395614876422649 2.438266840221435E-4
0.692308 1.0 0.0 0.0 -0.5 0.4247425010840047 0.0 0.16727140193180473 0.0 0.636927619872692 0.7350992211177716 1.0 0.28183091516500586 0.0 0.0 1.0 1.0 0.0 0.0 1.0 1.0 0.013205163259903197 0.8736542121892705 0.1542478180727142 0.017797353962816467 2.314397145296704E-4 0.10718058639811366 0.0013395614876422649 2.438266840221435E-4
0.692308 1.0 0.0 0.0 -0.5 0.1747425010840047 0.0 0.16727140193180473 0.0 0.636927619872692 0.7350992211177716 1.0 0.28183091516500586 0.0 0.0 1.0 1.0 0.0 0.0 1.0 1.0 0.013205163259903197 0.8736542121892705 0.1542478180727142 0.017797353962816467 2.314397145296704E-4 0.10718058639811366 0.0013395614876422649 2.438266840221435E-4
0.692308 1.0 0.0 0.0 -0.3333333333333333 -1.0 0.0 0.16727140193180473 0.0 0.636927619872692 0.7350992211177716 1.0 0.28183091516500586 0.0 0.0 1.0 1.0 0.0 0.0 1.0 1.0 0.013205163259903197 0.8736542121892705 0.1542478180727142 0.017797353962816467 2.314397145296704E-4 0.10718058639811366 0.0013395614876422649 2.438266840221435E-4
0.692308 1.0 0.0 0.0 -0.3333333333333333 -0.75 0.0 0.16727140193180473 0.0 0.636927619872692 0.7350992211177716 1.0 0.28183091516500586 0.0 0.0 1.0 1.0 0.0 0.0 1.0 1.0 0.013205163259903197 0.8736542121892705 0.1542478180727142 0.017797353962816467 2.314397145296704E-4 0.10718058639811366 0.0013395614876422649 2.438266840221435E-4
0.692308 1.0 0.0 0.0 -0.3333333333333333 -0.5 0.0 0.16727140193180473 0.0 0.636927619872692 0.7350992211177716 1.0 0.28183091516500586 0.0 0.0 1.0 1.0 0.0 0.0 1.0 1.0 0.013205163259903197 0.8736542121892705 0.1542478180727142 0.017797353962816467 2.314397145296704E-4 0.10718058639811366 0.0013395614876422649 2.438266840221435E-4
0.692308 1.0 0.0 0.0 -0.3333333333333333 -0.3252574989159953 0.0 0.16727140193180473 0.0 0.636927619872692 0.7350992211177716 1.0 0.28183091516500586 0.0 0.0 1.0 1.0 0.0 0.0 1.0 1.0 0.013205163259903197 0.8736542121892705 0.1542478180727142 0.017797353962816467 2.314397145296704E-4 0.10718058639811366 0.0013395614876422649 2.438266840221435E-4
0.692308 1.0 0.0 0.0 -0.3333333333333333 -0.25 0.0 0.16727140193180473 0.0 0.636927619872692 0.7350992211177716 1.0 0.28183091516500586 0.0 0.0 1.0 1.0 0.0 0.0 1.0 1.0 0.013205163259903197 0.8736542121892705 0.1542478180727142 0.017797353962816467 2.314397145296704E-4 0.10718058639811366 0.0013395614876422649 2.438266840221435E-4
0.692308 1.0 0.0 0.0 -0.3333333333333333 -0.0752574989159953 0.0 0.16727140193180473 0.0 0.636927619872692 0.7350992211177716 1.0 0.28183091516500586 0.0 0.0 1.0 1.0 0.0 0.0 1.0 1.0 0.013205163259903197 0.8736542121892705 0.1542478180727142 0.017797353962816467 2.314397145296704E-4 0.10718058639811366 0.0013395614876422649 2.438266840221435E-4
0.692308 1.0 0.0 0.0 -0.3333333333333333 0.75 0.0 0.16727140193180473 0.0 0.636927619872692 0.7350992211177716 1.0 0.28183091516500586 0.0 0.0 1.0 1.0 0.0 0.0 1.0 1.0 0.013205163259903197 0.8736542121892705 0.1542478180727142 0.017797353962816467 2.314397145296704E-4 0.10718058639811366 0.0013395614876422649 2.438266840221435E-4
0.692308 1.0 0.0 0.0 -0.3333333333333333 0.5000000000000001 0.0 0.16727140193180473 0.0 0.636927619872692 0.7350992211177716 1.0 0.28183091516500586 0.0 0.0 1.0 1.0 0.0 0.0 1.0 1.0 0.013205163259903197 0.8736542121892705 0.1542478180727142 0.017797353962816467 2.314397145296704E-4 0.10718058639811366 0.0013395614876422649 2.438266840221435E-4
0.692308 1.0 0.0 0.0 -0.3333333333333333 0.25000000000000006 0.0 0.16727140193180473 0.0 0.636927619872692 0.7350992211177716 1.0 0.28183091516500586 0.0 0.0 1.0 1.0 0.0 0.0 1.0 1.0 0.013205163259903197 0.8736542121892705 0.1542478180727142 0.017797353962816467 2.314397145296704E-4 0.10718058639811366 0.0013395614876422649 2.438266840221435E-4
0.692308 1.0 0.0 0.0 -0.3333333333333333 0.0 0.0 0.16727140193180473 0.0 0.636927619872692 0.7350992211177716 1.0 0.28183091516500586 0.0 0.0 1.0 1.0 0.0 0.0 1.0 1.0 0.013205163259903197 0.8736542121892705 0.1542478180727142 0.017797353962816467 2.314397145296704E-4 0.10718058639811366 0.0013395614876422649 2.438266840221435E-4
0.692308 1.0 0.0 0.0 -0.3333333333333333 0.3252574989159953 0.0 0.16727140193180473 0.0 0.636927619872692 0.7350992211177716 1.0 0.28183091516500586 0.0 0.0 1.0 1.0 0.0 0.0 1.0 1.0 0.013205163259903197 0.8736542121892705 0.1542478180727142 0.017797353962816467 2.314397145296704E-4 0.10718058639811366 0.0013395614876422649 2.438266840221435E-4
0.692308 1.0 0.0 0.0 -0.3333333333333333 0.0752574989159953 0.0 0.16727140193180473 0.0 0.636927619872692 0.7350992211177716 1.0 0.28183091516500586 0.0 0.0 1.0 1.0 0.0 0.0 1.0 1.0 0.013205163259903197 0.8736542121892705 0.1542478180727142 0.017797353962816467 2.314397145296704E-4 0.10718058639811366 0.0013395614876422649 2.438266840221435E-4
0.692308 1.0 0.0 0.0 -0.3333333333333333 0.4247425010840047 0.0 0.16727140193180473 0.0 0.636927619872692 0.7350992211177716 1.0 0.28183091516500586 0.0 0.0 1.0 1.0 0.0 0.0 1.0 1.0 0.013205163259903197 0.8736542121892705 0.1542478180727142 0.017797353962816467 2.314397145296704E-4 0.10718058639811366 0.0013395614876422649 2.438266840221435E-4
0.692308 1.0 0.0 0.0 -0.3333333333333333 0.1747425010840047 0.0 0.16727140193180473 0.0 0.636927619872692 0.7350992211177716 1.0 0.28183091516500586 0.0 0.0 1.0 1.0 0.0 0.0 1.0 1.0 0.013205163259903197 0.8736542121892705 0.1542478180727142 0.017797353962816467 2.314397145296704E-4 0.10718058639811366 0.0013395614876422649 2.438266840221435E-4
0.692308 1.0 0.0 0.0 -0.16666666666666666 -1.0 0.0 0.16727140193180473 0.0 0.636927619872692 0.7350992211177716 1.0 0.28183091516500586 0.0 0.0 1.0 1.0 0.0 0.0 1.0 1.0 0.013205163259903197 0.8736542121892705 0.1542478180727142 0.017797353962816467 2.314397145296704E-4 0.10718058639811366 0.0013395614876422649 2.438266840221435E-4
0.692308 1.0 0.0 0.0 -0.16666666666666666 -0.75 0.0 0.16727140193180473 0.0 0.636927619872692 0.7350992211177716 1.0 0.28183091516500586 0.0 0.0 1.0 1.0 0.0 0.0 1.0 1.0 0.013205163259903197 0.8736542121892705 0.1542478180727142 0.017797353962816467 2.314397145296704E-4 0.10718058639811366 0.0013395614876422649 2.438266840221435E-4
0.692308 1.0 0.0 0.0 -0.16666666666666666 -0.5 0.0 0.16727140193180473 0.0 0.636927619872692 0.7350992211177716 1.0 0.28183091516500586 0.0 0.0 1.0 1.0 0.0 0.0 1.0 1.0 0.013205163259903197 0.8736542121892705 0.1542478180727142 0.017797353962816467 2.314397145296704E-4 0.10718058639811366 0.0013395614876422649 2.438266840221435E-4
0.692308 1.0 0.0 0.0 -0.16666666666666666 -0.3252574989159953 0.0 0.16727140193180473 0.0 0.636927619872692 0.7350992211177716 1.0 0.28183091516500586 0.0 0.0 1.0 1.0 0.0 0.0 1.0 1.0 0.013205163259903197 0.8736542121892705 0.1542478180727142 0.017797353962816467 2.314397145296704E-4 0.10718058639811366 0.0013395614876422649 2.438266840221435E-4
0.692308 1.0 0.0 0.0 -0.16666666666666666 -0.25 0.0 0.16727140193180473 0.0 0.636927619872692 0.7350992211177716 1.0 0.28183091516500586 0.0 0.0 1.0 1.0 0.0 0.0 1.0 1.0 0.013205163259903197 0.8736542121892705 0.1542478180727142 0.017797353962816467 2.314397145296704E-4 0.10718058639811366 0.0013395614876422649 2.438266840221435E-4
0.692308 1.0 0.0 0.0 -0.16666666666666666 -0.0752574989159953 0.0 0.16727140193180473 0.0 0.636927619872692 0.7350992211177716 1.0 0.28183091516500586 0.0 0.0 1.0 1.0 0.0 0.0 1.0 1.0 0.013205163259903197 0.8736542121892705 0.1542478180727142 0.017797353962816467 2.314397145296704E-4 0.10718058639811366 0.0013395614876422649 2.438266840221435E-4
0.692308 1.0 0.0 0.0 -0.16666666666666666 0.75 0.0 0.16727140193180473 0.0 0.636927619872692 0.7350992211177716 1.0 0.28183091516500586 0.0 0.0 1.0 1.0 0.0 0.0 1.0 1.0 0.013205163259903197 0.8736542121892705 0.1542478180727142 0.017797353962816467 2.314397145296704E-4 0.10718058639811366 0.0013395614876422649 2.438266840221435E-4
0.692308 1.0 0.0 0.0 -0.16666666666666666 0.5000000000000001 0.0 0.16727140193180473 0.0 0.636927619872692 0.7350992211177716 1.0 0.28183091516500586 0.0 0.0 1.0 1.0 0.0 0.0 1.0 1.0 0.013205163259903197 0.8736542121892705 0.1542478180727142 0.017797353962816467 2.314397145296704E-4 0.10718058639811366 0.0013395614876422649 2.438266840221435E-4
0.692308 1.0 0.0 0.0 -0.16666666666666666 0.25000000000000006 0.0 0.16727140193180473 0.0 0.636927619872692 0.7350992211177716 1.0 0.28183091516500586 0.0 0.0 1.0 1.0 0.0 0.0 1.0 1.0 0.013205163259903197 0.8736542121892705 0.1542478180727142 0.017797353962816467 2.314397145296704E-4 0.10718058639811366 0.0013395614876422649 2.438266840221435E-4
0.692308 1.0 0.0 0.0 -0.16666666666666666 0.0 0.0 0.16727140193180473 0.0 0.636927619872692 0.7350992211177716 1.0 0.28183091516500586 0.0 0.0 1.0 1.0 0.0 0.0 1.0 1.0 0.013205163259903197 0.8736542121892705 0.1542478180727142 0.017797353962816467 2.314397145296704E-4 0.10718058639811366 0.0013395614876422649 2.438266840221435E-4
0.692308 1.0 0.0 0.0 -0.16666666666666666 0.3252574989159953 0.0 0.16727140193180473 0.0 0.636927619872692 0.7350992211177716 1.0 0.28183091516500586 0.0 0.0 1.0 1.0 0.0 0.0 1.0 1.0 0.013205163259903197 0.8736542121892705 0.1542478180727142 0.017797353962816467 2.314397145296704E-4 0.10718058639811366 0.0013395614876422649 2.438266840221435E-4
0.692308 1.0 0.0 0.0 -0.16666666666666666 0.0752574989159953 0.0 0.16727140193180473 0.0 0.636927619872692 0.7350992211177716 1.0 0.28183091516500586 0.0 0.0 1.0 1.0 0.0 0.0 1.0 1.0 0.013205163259903197 0.8736542121892705 0.1542478180727142 0.017797353962816467 2.314397145296704E-4 0.10718058639811366 0.0013395614876422649 2.438266840221435E-4
0.692308 1.0 0.0 0.0 -0.16666666666666666 0.4247425010840047 0.0 0.16727140193180473 0.0 0.636927619872692 0.7350992211177716 1.0 0.28183091516500586 0.0 0.0 1.0 1.0 0.0 0.0 1.0 1.0 0.013205163259903197 0.8736542121892705 0.1542478180727142 0.017797353962816467 2.314397145296704E-4 0.10718058639811366 0.0013395614876422649 2.438266840221435E-4
0.692308 1.0 0.0 0.0 -0.16666666666666666 0.1747425010840047 0.0 0.16727140193180473 0.0 0.636927619872692 0.7350992211177716 1.0 0.28183091516500586 0.0 0.0 1.0 1.0 0.0 0.0 1.0 1.0 0.013205163259903197 0.8736542121892705 0.1542478180727142 0.017797353962816467 2.314397145296704E-4 0.10718058639811366 0.0013395614876422649 2.438266840221435E-4
0.769231 1.0 0.0 0.0 0.6666666666666666 -1.0 0.0 0.16727140193180473 0.0 0.636927619872692 0.7350992211177716 1.0 0.28183091516500586 0.0 0.0 1.0 1.0 0.0 0.0 1.0 1.0 0.013205163259903197 0.8736542121892705 0.1542478180727142 0.017797353962816467 2.314397145296704E-4 0.10718058639811366 0.0013395614876422649 2.438266840221435E-4
0.769231 1.0 0.0 0.0 0.6666666666666666 -0.75 0.0 0.16727140193180473 0.0 0.636927619872692 0.7350992211177716 1.0 0.28183091516500586 0.0 0.0 1.0 1.0 0.0 0.0 1.0 1.0 0.013205163259903197 0.8736542121892705 0.1542478180727142 0.017797353962816467 2.314397145296704E-4 0.10718058639811366 0.0013395614876422649 2.438266840221435E-4
0.692308 1.0 0.0 0.0 0.6666666666666666 -0.5 0.0 0.16727140193180473 0.0 0.636927619872692 0.7350992211177716 1.0 0.28183091516500586 0.0 0.0 1.0 1.0 0.0 0.0 1.0 1.0 0.013205163259903197 0.8736542121892705 0.1542478180727142 0.017797353962816467 2.314397145296704E-4 0.10718058639811366 0.0013395614876422649 2.438266840221435E-4
0.692308 1.0 0.0 0.0 0.6666666666666666 -0.3252574989159953 0.0 0.16727140193180473 0.0 0.636927619872692 0.7350992211177716 1.0 0.28183091516500586 0.0 0.0 1.0 1.0 0.0 0.0 1.0 1.0 0.013205163259903197 0.8736542121892705 0.1542478180727142 0.017797353962816467 2.314397145296704E-4 0.10718058639811366 0.0013395614876422649 2.438266840221435E-4
0.692308 1.0 0.0 0.0 0.6666666666666666 -0.25 0.0 0.16727140193180473 0.0 0.636927619872692 0.7350992211177716 1.0 0.28183091516500586 0.0 0.0 1.0 1.0 0.0 0.0 1.0 1.0 0.013205163259903197 0.8736542121892705 0.1542478180727142 0.017797353962816467 2.314397145296704E-4 0.10718058639811366 0.0013395614876422649 2.438266840221435E-4
0.692308 1.0 0.0 0.0 0.6666666666666666 -0.0752574989159953 0.0 0.16727140193180473 0.0 0.636927619872692 0.7350992211177716 1.0 0.28183091516500586 0.0 0.0 1.0 1.0 0.0 0.0 1.0 1.0 0.013205163259903197 0.8736542121892705 0.1542478180727142 0.017797353962816467 2.314397145296704E-4 0.10718058639811366 0.0013395614876422649 2.438266840221435E-4
0.692308 1.0 0.0 0.0 0.6666666666666666 0.75 0.0 0.16727140193180473 0.0 0.636927619872692 0.7350992211177716 1.0 0.28183091516500586 0.0 0.0 1.0 1.0 0.0 0.0 1.0 1.0 0.013205163259903197 0.8736542121892705 0.1542478180727142 0.017797353962816467 2.314397145296704E-4 0.10718058639811366 0.0013395614876422649 2.438266840221435E-4
0.692308 1.0 0.0 0.0 0.6666666666666666 0.5000000000000001 0.0 0.16727140193180473 0.0 0.636927619872692 0.7350992211177716 1.0 0.28183091516500586 0.0 0.0 1.0 1.0 0.0 0.0 1.0 1.0 0.013205163259903197 0.8736542121892705 0.1542478180727142 0.017797353962816467 2.314397145296704E-4 0.10718058639811366 0.0013395614876422649 2.438266840221435E-4
0.692308 1.0 0.0 0.0 0.6666666666666666 0.25000000000000006 0.0 0.16727140193180473 0.0 0.636927619872692 0.7350992211177716 1.0 0.28183091516500586 0.0 0.0 1.0 1.0 0.0 0.0 1.0 1.0 0.013205163259903197 0.8736542121892705 0.1542478180727142 0.017797353962816467 2.314397145296704E-4 0.10718058639811366 0.0013395614876422649 2.438266840221435E-4
0.692308 1.0 0.0 0.0 0.6666666666666666 0.0 0.0 0.16727140193180473 0.0 0.636927619872692 0.7350992211177716 1.0 0.28183091516500586 0.0 0.0 1.0 1.0 0.0 0.0 1.0 1.0 0.013205163259903197 0.8736542121892705 0.1542478180727142 0.017797353962816467 2.314397145296704E-4 0.10718058639811366 0.0013395614876422649 2.438266840221435E-4
0.692308 1.0 0.0 0.0 0.6666666666666666 0.3252574989159953 0.0 0.16727140193180473 0.0 0.636927619872692 0.7350992211177716 1.0 0.28183091516500586 0.0 0.0 1.0 1.0 0.0 0.0 1.0 1.0 0.013205163259903197 0.8736542121892705 0.1542478180727142 0.017797353962816467 2.314397145296704E-4 0.10718058639811366 0.0013395614876422649 2.438266840221435E-4
0.692308 1.0 0.0 0.0 0.6666666666666666 0.0752574989159953 0.0 0.16727140193180473 0.0 0.636927619872692 0.7350992211177716 1.0 0.28183091516500586 0.0 0.0 1.0 1.0 0.0 0.0 1.0 1.0 0.013205163259903197 0.8736542121892705 0.1542478180727142 0.017797353962816467 2.314397145296704E-4 0.10718058639811366 0.0013395614876422649 2.438266840221435E-4
0.692308 1.0 0.0 0.0 0.6666666666666666 0.4247425010840047 0.0 0.16727140193180473 0.0 0.636927619872692 0.7350992211177716 1.0 0.28183091516500586 0.0 0.0 1.0 1.0 0.0 0.0 1.0 1.0 0.013205163259903197 0.8736542121892705 0.1542478180727142 0.017797353962816467 2.314397145296704E-4 0.10718058639811366 0.0013395614876422649 2.438266840221435E-4
0.692308 1.0 0.0 0.0 0.6666666666666666 0.1747425010840047 0.0 0.16727140193180473 0.0 0.636927619872692 0.7350992211177716 1.0 0.28183091516500586 0.0 0.0 1.0 1.0 0.0 0.0 1.0 1.0 0.013205163259903197 0.8736542121892705 0.1542478180727142 0.017797353962816467 2.314397145296704E-4 0.10718058639811366 0.0013395614876422649 2.438266840221435E-4
0.692308 1.0 0.0 0.0 0.0 -1.0 0.0 0.16727140193180473 0.0 0.636927619872692 0.7350992211177716 1.0 0.28183091516500586 0.0 0.0 1.0 1.0 0.0 0.0 1.0 1.0 0.013205163259903197 0.8736542121892705 0.1542478180727142 0.017797353962816467 2.314397145296704E-4 0.10718058639811366 0.0013395614876422649 2.438266840221435E-4
0.769231 1.0 0.0 0.0 0.0 -0.75 0.0 0.16727140193180473 0.0 0.636927619872692 0.7350992211177716 1.0 0.28183091516500586 0.0 0.0 1.0 1.0 0.0 0.0 1.0 1.0 0.013205163259903197 0.8736542121892705 0.1542478180727142 0.017797353962816467 2.314397145296704E-4 0.10718058639811366 0.0013395614876422649 2.438266840221435E-4
0.692308 1.0 0.0 0.0 0.0 -0.5 0.0 0.16727140193180473 0.0 0.636927619872692 0.7350992211177716 1.0 0.28183091516500586 0.0 0.0 1.0 1.0 0.0 0.0 1.0 1.0 0.013205163259903197 0.8736542121892705 0.1542478180727142 0.017797353962816467 2.314397145296704E-4 0.10718058639811366 0.0013395614876422649 2.438266840221435E-4
0.692308 1.0 0.0 0.0 0.0 -0.3252574989159953 0.0 0.16727140193180473 0.0 0.636927619872692 0.7350992211177716 1.0 0.28183091516500586 0.0 0.0 1.0 1.0 0.0 0.0 1.0 1.0 0.013205163259903197 0.8736542121892705 0.1542478180727142 0.017797353962816467 2.314397145296704E-4 0.10718058639811366 0.0013395614876422649 2.438266840221435E-4
0.692308 1.0 0.0 0.0 0.0 -0.25 0.0 0.16727140193180473 0.0 0.636927619872692 0.7350992211177716 1.0 0.28183091516500586 0.0 0.0 1.0 1.0 0.0 0.0 1.0 1.0 0.013205163259903197 0.8736542121892705 0.1542478180727142 0.017797353962816467 2.314397145296704E-4 0.10718058639811366 0.0013395614876422649 2.438266840221435E-4
0.692308 1.0 0.0 0.0 0.0 -0.0752574989159953 0.0 0.16727140193180473 0.0 0.636927619872692 0.7350992211177716 1.0 0.28183091516500586 0.0 0.0 1.0 1.0 0.0 0.0 1.0 1.0 0.013205163259903197 0.8736542121892705 0.1542478180727142 0.017797353962816467 2.314397145296704E-4 0.10718058639811366 0.0013395614876422649 2.438266840221435E-4
0.692308 1.0 0.0 0.0 0.0 0.75 0.0 0.16727140193180473 0.0 0.636927619872692 0.7350992211177716 1.0 0.28183091516500586 0.0 0.0 1.0 1.0 0.0 0.0 1.0 1.0 0.013205163259903197 0.8736542121892705 0.1542478180727142 0.017797353962816467 2.314397145296704E-4 0.10718058639811366 0.0013395614876422649 2.438266840221435E-4
0.692308 1.0 0.0 0.0 0.0 0.5000000000000001 0.0 0.16727140193180473 0.0 0.636927619872692 0.7350992211177716 1.0 0.28183091516500586 0.0 0.0 1.0 1.0 0.0 0.0 1.0 1.0 0.013205163259903197 0.8736542121892705 0.1542478180727142 0.017797353962816467 2.314397145296704E-4 0.10718058639811366 0.0013395614876422649 2.438266840221435E-4
0.692308 1.0 0.0 0.0 0.0 0.25000000000000006 0.0 0.16727140193180473 0.0 0.636927619872692 0.7350992211177716 1.0 0.28183091516500586 0.0 0.0 1.0 1.0 0.0 0.0 1.0 1.0 0.013205163259903197 0.8736542121892705 0.1542478180727142 0.017797353962816467 2.314397145296704E-4 0.10718058639811366 0.0013395614876422649 2.438266840221435E-4
0.692308 1.0 0.0 0.0 0.0 0.0 0.0 0.16727140193180473 0.0 0.636927619872692 0.7350992211177716 1.0 0.28183091516500586 0.0 0.0 1.0 1.0 0.0 0.0 1.0 1.0 0.013205163259903197 0.8736542121892705 0.1542478180727142 0.017797353962816467 2.314397145296704E-4 0.10718058639811366 0.0013395614876422649 2.438266840221435E-4
0.692308 1.0 0.0 0.0 0.0 0.3252574989159953 0.0 0.16727140193180473 0.0 0.636927619872692 0.7350992211177716 1.0 0.28183091516500586 0.0 0.0 1.0 1.0 0.0 0.0 1.0 1.0 0.013205163259903197 0.8736542121892705 0.1542478180727142 0.017797353962816467 2.314397145296704E-4 0.10718058639811366 0.0013395614876422649 2.438266840221435E-4
0.692308 1.0 0.0 0.0 0.0 0.0752574989159953 0.0 0.16727140193180473 0.0 0.636927619872692 0.7350992211177716 1.0 0.28183091516500586 0.0 0.0 1.0 1.0 0.0 0.0 1.0 1.0 0.013205163259903197 0.8736542121892705 0.1542478180727142 0.017797353962816467 2.314397145296704E-4 0.10718058639811366 0.0013395614876422649 2.438266840221435E-4
0.692308 1.0 0.0 0.0 0.0 0.4247425010840047 0.0 0.16727140193180473 0.0 0.636927619872692 0.7350992211177716 1.0 0.28183091516500586 0.0 0.0 1.0 1.0 0.0 0.0 1.0 1.0 0.013205163259903197 0.8736542121892705 0.1542478180727142 0.017797353962816467 2.314397145296704E-4 0.10718058639811366 0.0013395614876422649 2.438266840221435E-4
0.692308 1.0 0.0 0.0 0.0 0.1747425010840047 0.0 0.16727140193180473 0.0 0.636927619872692 0.7350992211177716 1.0 0.28183091516500586 0.0 0.0 1.0 1.0 0.0 0.0 1.0 1.0 0.013205163259903197 0.8736542121892705 0.1542478180727142 0.017797353962816467 2.314397145296704E-4 0.10718058639811366 0.0013395614876422649 2.438266840221435E-4
0.692308 1.0 0.0 0.0 0.16666666666666666 -1.0 0.0 0.16727140193180473 0.0 0.636927619872692 0.7350992211177716 1.0 0.28183091516500586 0.0 0.0 1.0 1.0 0.0 0.0 1.0 1.0 0.013205163259903197 0.8736542121892705 0.1542478180727142 0.017797353962816467 2.314397145296704E-4 0.10718058639811366 0.0013395614876422649 2.438266840221435E-4
0.769231 1.0 0.0 0.0 0.16666666666666666 -0.75 0.0 0.16727140193180473 0.0 0.636927619872692 0.7350992211177716 1.0 0.28183091516500586 0.0 0.0 1.0 1.0 0.0 0.0 1.0 1.0 0.013205163259903197 0.8736542121892705 0.1542478180727142 0.017797353962816467 2.314397145296704E-4 0.10718058639811366 0.0013395614876422649 2.438266840221435E-4
0.692308 1.0 0.0 0.0 0.16666666666666666 -0.5 0.0 0.16727140193180473 0.0 0.636927619872692 0.7350992211177716 1.0 0.28183091516500586 0.0 0.0 1.0 1.0 0.0 0.0 1.0 1.0 0.013205163259903197 0.8736542121892705 0.1542478180727142 0.017797353962816467 2.314397145296704E-4 0.10718058639811366 0.0013395614876422649 2.438266840221435E-4
0.692308 1.0 0.0 0.0 0.16666666666666666 -0.3252574989159953 0.0 0.16727140193180473 0.0 0.636927619872692 0.7350992211177716 1.0 0.28183091516500586 0.0 0.0 1.0 1.0 0.0 0.0 1.0 1.0 0.013205163259903197 0.8736542121892705 0.1542478180727142 0.017797353962816467 2.314397145296704E-4 0.10718058639811366 0.0013395614876422649 2.438266840221435E-4
0.692308 1.0 0.0 0.0 0.16666666666666666 -0.25 0.0 0.16727140193180473 0.0 0.636927619872692 0.7350992211177716 1.0 0.28183091516500586 0.0 0.0 1.0 1.0 0.0 0.0 1.0 1.0 0.013205163259903197 0.8736542121892705 0.1542478180727142 0.017797353962816467 2.314397145296704E-4 0.10718058639811366 0.0013395614876422649 2.438266840221435E-4
0.692308 1.0 0.0 0.0 0.16666666666666666 -0.0752574989159953 0.0 0.16727140193180473 0.0 0.636927619872692 0.7350992211177716 1.0 0.28183091516500586 0.0 0.0 1.0 1.0 0.0 0.0 1.0 1.0 0.013205163259903197 0.8736542121892705 0.1542478180727142 0.017797353962816467 2.314397145296704E-4 0.10718058639811366 0.0013395614876422649 2.438266840221435E-4
0.692308 1.0 0.0 0.0 0.16666666666666666 0.75 0.0 0.16727140193180473 0.0 0.636927619872692 0.7350992211177716 1.0 0.28183091516500586 0.0 0.0 1.0 1.0 0.0 0.0 1.0 1.0 0.013205163259903197 0.8736542121892705 0.1542478180727142 0.017797353962816467 2.314397145296704E-4 0.10718058639811366 0.0013395614876422649 2.438266840221435E-4
0.692308 1.0 0.0 0.0 0.16666666666666666 0.5000000000000001 0.0 0.16727140193180473 0.0 0.636927619872692 0.7350992211177716 1.0 0.28183091516500586 0.0 0.0 1.0 1.0 0.0 0.0 1.0 1.0 0.013205163259903197 0.8736542121892705 0.1542478180727142 0.017797353962816467 2.314397145296704E-4 0.10718058639811366 0.0013395614876422649 2.438266840221435E-4
0.692308 1.0 0.0 0.0 0.16666666666666666 0.25000000000000006 0.0 0.16727140193180473 0.0 0.636927619872692 0.7350992211177716 1.0 0.28183091516500586 0.0 0.0 1.0 1.0 0.0 0.0 1.0 1.0 0.013205163259903197 0.8736542121892705 0.1542478180727142 0.017797353962816467 2.314397145296704E-4 0.10718058639811366 0.0013395614876422649 2.438266840221435E-4
0.692308 1.0 0.0 0.0 0.16666666666666666 0.0 0.0 0.16727140193180473 0.0 0.636927619872692 0.7350992211177716 1.0 0.28183091516500586 0.0 0.0 1.0 1.0 0.0 0.0 1.0 1.0 0.013205163259903197 0.8736542121892705 0.1542478180727142 0.017797353962816467 2.314397145296704E-4 0.10718058639811366 0.0013395614876422649 2.438266840221435E-4
0.692308 1.0 0.0 0.0 0.16666666666666666 0.3252574989159953 0.0 0.16727140193180473 0.0 0.636927619872692 0.7350992211177716 1.0 0.28183091516500586 0.0 0.0 1.0 1.0 0.0 0.0 1.0 1.0 0.013205163259903197 0.8736542121892705 0.1542478180727142 0.017797353962816467 2.314397145296704E-4 0.10718058639811366 0.0013395614876422649 2.438266840221435E-4
0.692308 1.0 0.0 0.0 0.16666666666666666 0.0752574989159953 0.0 0.16727140193180473 0.0 0.636927619872692 0.7350992211177716 1.0 0.28183091516500586 0.0 0.0 1.0 1.0 0.0 0.0 1.0 1.0 0.013205163259903197 0.8736542121892705 0.1542478180727142 0.017797353962816467 2.314397145296704E-4 0.10718058639811366 0.0013395614876422649 2.438266840221435E-4
0.692308 1.0 0.0 0.0 0.16666666666666666 0.4247425010840047 0.0 0.16727140193180473 0.0 0.636927619872692 0.7350992211177716 1.0 0.28183091516500586 0.0 0.0 1.0 1.0 0.0 0.0 1.0 1.0 0.013205163259903197 0.8736542121892705 0.1542478180727142 0.017797353962816467 2.314397145296704E-4 0.10718058639811366 0.0013395614876422649 2.438266840221435E-4
0.692308 1.0 0.0 0.0 0.16666666666666666 0.1747425010840047 0.0 0.16727140193180473 0.0 0.636927619872692 0.7350992211177716 1.0 0.28183091516500586 0.0 0.0 1.0 1.0 0.0 0.0 1.0 1.0 0.013205163259903197 0.8736542121892705 0.1542478180727142 0.017797353962816467 2.314397145296704E-4 0.10718058639811366 0.0013395614876422649 2.438266840221435E-4
0.769231 1.0 0.0 0.0 0.8333333333333334 -1.0 0.0 0.16727140193180473 0.0 0.636927619872692 0.7350992211177716 1.0 0.28183091516500586 0.0 0.0 1.0 1.0 0.0 0.0 1.0 1.0 0.013205163259903197 0.8736542121892705 0.1542478180727142 0.017797353962816467 2.314397145296704E-4 0.10718058639811366 0.0013395614876422649 2.438266840221435E-4
0.769231 1.0 0.0 0.0 0.8333333333333334 -0.75 0.0 0.16727140193180473 0.0 0.636927619872692 0.7350992211177716 1.0 0.28183091516500586 0.0 0.0 1.0 1.0 0.0 0.0 1.0 1.0 0.013205163259903197 0.8736542121892705 0.1542478180727142 0.017797353962816467 2.314397145296704E-4 0.10718058639811366 0.0013395614876422649 2.438266840221435E-4
0.692308 1.0 0.0 0.0 0.8333333333333334 -0.5 0.0 0.16727140193180473 0.0 0.636927619872692 0.7350992211177716 1.0 0.28183091516500586 0.0 0.0 1.0 1.0 0.0 0.0 1.0 1.0 0.013205163259903197 0.8736542121892705 0.1542478180727142 0.017797353962816467 2.314397145296704E-4 0.10718058639811366 0.0013395614876422649 2.438266840221435E-4
0.692308 1.0 0.0 0.0 0.8333333333333334 -0.3252574989159953 0.0 0.16727140193180473 0.0 0.636927619872692 0.7350992211177716 1.0 0.28183091516500586 0.0 0.0 1.0 1.0 0.0 0.0 1.0 1.0 0.013205163259903197 0.8736542121892705 0.1542478180727142 0.017797353962816467 2.314397145296704E-4 0.10718058639811366 0.0013395614876422649 2.438266840221435E-4
0.692308 1.0 0.0 0.0 0.8333333333333334 -0.25 0.0 0.16727140193180473 0.0 0.636927619872692 0.7350992211177716 1.0 0.28183091516500586 0.0 0.0 1.0 1.0 0.0 0.0 1.0 1.0 0.013205163259903197 0.8736542121892705 0.1542478180727142 0.017797353962816467 2.314397145296704E-4 0.10718058639811366 0.0013395614876422649 2.438266840221435E-4
0.692308 1.0 0.0 0.0 0.8333333333333334 -0.0752574989159953 0.0 0.16727140193180473 0.0 0.636927619872692 0.7350992211177716 1.0 0.28183091516500586 0.0 0.0 1.0 1.0 0.0 0.0 1.0 1.0 0.013205163259903197 0.8736542121892705 0.1542478180727142 0.017797353962816467 2.314397145296704E-4 0.10718058639811366 0.0013395614876422649 2.438266840221435E-4
0.692308 1.0 0.0 0.0 0.8333333333333334 0.75 0.0 0.16727140193180473 0.0 0.636927619872692 0.7350992211177716 1.0 0.28183091516500586 0.0 0.0 1.0 1.0 0.0 0.0 1.0 1.0 0.013205163259903197 0.8736542121892705 0.1542478180727142 0.017797353962816467 2.314397145296704E-4 0.10718058639811366 0.0013395614876422649 2.438266840221435E-4
0.692308 1.0 0.0 0.0 0.8333333333333334 0.5000000000000001 0.0 0.16727140193180473 0.0 0.636927619872692 0.7350992211177716 1.0 0.28183091516500586 0.0 0.0 1.0 1.0 0.0 0.0 1.0 1.0 0.013205163259903197 0.8736542121892705 0.1542478180727142 0.017797353962816467 2.314397145296704E-4 0.10718058639811366 0.0013395614876422649 2.438266840221435E-4
0.692308 1.0 0.0 0.0 0.8333333333333334 0.25000000000000006 0.0 0.16727140193180473 0.0 0.636927619872692 0.7350992211177716 1.0 0.28183091516500586 0.0 0.0 1.0 1.0 0.0 0.0 1.0 1.0 0.013205163259903197 0.8736542121892705 0.1542478180727142 0.017797353962816467 2.314397145296704E-4 0.10718058639811366 0.0013395614876422649 2.438266840221435E-4
0.692308 1.0 0.0 0.0 0.8333333333333334 0.0 0.0 0.16727140193180473 0.0 0.636927619872692 0.7350992211177716 1.0 0.28183091516500586 0.0 0.0 1.0 1.0 0.0 0.0 1.0 1.0 0.013205163259903197 0.8736542121892705 0.1542478180727142 0.017797353962816467 2.314397145296704E-4 0.10718058639811366 0.0013395614876422649 2.438266840221435E-4
0.692308 1.0 0.0 0.0 0.8333333333333334 0.3252574989159953 0.0 0.16727140193180473 0.0 0.636927619872692 0.7350992211177716 1.0 0.28183091516500586 0.0 0.0 1.0 1.0 0.0 0.0 1.0 1.0 0.013205163259903197 0.8736542121892705 0.1542478180727142 0.017797353962816467 2.314397145296704E-4 0.10718058639811366 0.0013395614876422649 2.438266840221435E-4
0.692308 1.0 0.0 0.0 0.8333333333333334 0.0752574989159953 0.0 0.16727140193180473 0.0 0.636927619872692 0.7350992211177716 1.0 0.28183091516500586 0.0 0.0 1.0 1.0 0.0 0.0 1.0 1.0 0.013205163259903197 0.8736542121892705 0.1542478180727142 0.017797353962816467 2.314397145296704E-4 0.10718058639811366 0.0013395614876422649 2.438266840221435E-4
0.692308 1.0 0.0 0.0 0.8333333333333334 0.4247425010840047 0.0 0.16727140193180473 0.0 0.636927619872692 0.7350992211177716 1.0 0.28183091516500586 0.0 0.0 1.0 1.0 0.0 0.0 1.0 1.0 0.013205163259903197 0.8736542121892705 0.1542478180727142 0.017797353962816467 2.314397145296704E-4 0.10718058639811366 0.0013395614876422649 2.438266840221435E-4
0.692308 1.0 0.0 0.0 0.8333333333333334 0.1747425010840047 0.0 0.16727140193180473 0.0 0.636927619872692 0.7350992211177716 1.0 0.28183091516500586 0.0 0.0 1.0 1.0 0.0 0.0 1.0 1.0 0.013205163259903197 0.8736542121892705 0.1542478180727142 0.017797353962816467 2.314397145296704E-4 0.10718058639811366 0.0013395614876422649 2.438266840221435E-4
0.769231 1.0 0.0 0.0 0.3333333333333333 -1.0 0.0 0.16727140193180473 0.0 0.636927619872692 0.7350992211177716 1.0 0.28183091516500586 0.0 0.0 1.0 1.0 0.0 0.0 1.0 1.0 0.013205163259903197 0.8736542121892705 0.1542478180727142 0.017797353962816467 2.314397145296704E-4 0.10718058639811366 0.0013395614876422649 2.438266840221435E-4
0.769231 1.0 0.0 0.0 0.3333333333333333 -0.75 0.0 0.16727140193180473 0.0 0.636927619872692 0.7350992211177716 1.0 0.28183091516500586 0.0 0.0 1.0 1.0 0.0 0.0 1.0 1.0 0.013205163259903197 0.8736542121892705 0.1542478180727142 0.017797353962816467 2.314397145296704E-4 0.10718058639811366 0.0013395614876422649 2.438266840221435E-4
0.692308 1.0 0.0 0.0 0.3333333333333333 -0.5 0.0 0.16727140193180473 0.0 0.636927619872692 0.7350992211177716 1.0 0.28183091516500586 0.0 0.0 1.0 1.0 0.0 0.0 1.0 1.0 0.013205163259903197 0.8736542121892705 0.1542478180727142 0.017797353962816467 2.314397145296704E-4 0.10718058639811366 0.0013395614876422649 2.438266840221435E-4
0.692308 1.0 0.0 0.0 0.3333333333333333 -0.3252574989159953 0.0 0.16727140193180473 0.0 0.636927619872692 0.7350992211177716 1.0 0.28183091516500586 0.0 0.0 1.0 1.0 0.0 0.0 1.0 1.0 0.013205163259903197 0.8736542121892705 0.1542478180727142 0.017797353962816467 2.314397145296704E-4 0.10718058639811366 0.0013395614876422649 2.438266840221435E-4
0.692308 1.0 0.0 0.0 0.3333333333333333 -0.25 0.0 0.16727140193180473 0.0 0.636927619872692 0.7350992211177716 1.0 0.28183091516500586 0.0 0.0 1.0 1.0 0.0 0.0 1.0 1.0 0.013205163259903197 0.8736542121892705 0.1542478180727142 0.017797353962816467 2.314397145296704E-4 0.10718058639811366 0.0013395614876422649 2.438266840221435E-4
0.692308 1.0 0.0 0.0 0.3333333333333333 -0.0752574989159953 0.0 0.16727140193180473 0.0 0.636927619872692 0.7350992211177716 1.0 0.28183091516500586 0.0 0.0 1.0 1.0 0.0 0.0 1.0 1.0 0.013205163259903197 0.8736542121892705 0.1542478180727142 0.017797353962816467 2.314397145296704E-4 0.10718058639811366 0.0013395614876422649 2.438266840221435E-4
0.692308 1.0 0.0 0.0 0.3333333333333333 0.75 0.0 0.16727140193180473 0.0 0.636927619872692 0.7350992211177716 1.0 0.28183091516500586 0.0 0.0 1.0 1.0 0.0 0.0 1.0 1.0 0.013205163259903197 0.8736542121892705 0.1542478180727142 0.017797353962816467 2.314397145296704E-4 0.10718058639811366 0.0013395614876422649 2.438266840221435E-4
0.692308 1.0 0.0 0.0 0.3333333333333333 0.5000000000000001 0.0 0.16727140193180473 0.0 0.636927619872692 0.7350992211177716 1.0 0.28183091516500586 0.0 0.0 1.0 1.0 0.0 0.0 1.0 1.0 0.013205163259903197 0.8736542121892705 0.1542478180727142 0.017797353962816467 2.314397145296704E-4 0.10718058639811366 0.0013395614876422649 2.438266840221435E-4
0.692308 1.0 0.0 0.0 0.3333333333333333 0.25000000000000006 0.0 0.16727140193180473 0.0 0.636927619872692 0.7350992211177716 1.0 0.28183091516500586 0.0 0.0 1.0 1.0 0.0 0.0 1.0 1.0 0.013205163259903197 0.8736542121892705 0.1542478180727142 0.017797353962816467 2.314397145296704E-4 0.10718058639811366 0.0013395614876422649 2.438266840221435E-4
0.692308 1.0 0.0 0.0 0.3333333333333333 0.0 0.0 0.16727140193180473 0.0 0.636927619872692 0.7350992211177716 1.0 0.28183091516500586 0.0 0.0 1.0 1.0 0.0 0.0 1.0 1.0 0.013205163259903197 0.8736542121892705 0.1542478180727142 0.017797353962816467 2.314397145296704E-4 0.10718058639811366 0.0013395614876422649 2.438266840221435E-4
0.692308 1.0 0.0 0.0 0.3333333333333333 0.3252574989159953 0.0 0.16727140193180473 0.0 0.636927619872692 0.7350992211177716 1.0 0.28183091516500586 0.0 0.0 1.0 1.0 0.0 0.0 1.0 1.0 0.013205163259903197 0.8736542121892705 0.1542478180727142 0.017797353962816467 2.314397145296704E-4 0.10718058639811366 0.0013395614876422649 2.438266840221435E-4
0.692308 1.0 0.0 0.0 0.3333333333333333 0.0752574989159953 0.0 0.16727140193180473 0.0 0.636927619872692 0.7350992211177716 1.0 0.28183091516500586 0.0 0.0 1.0 1.0 0.0 0.0 1.0 1.0 0.013205163259903197 0.8736542121892705 0.1542478180727142 0.017797353962816467 2.314397145296704E-4 0.10718058639811366 0.0013395614876422649 2.438266840221435E-4
0.692308 1.0 0.0 0.0 0.3333333333333333 0.4247425010840047 0.0 0.16727140193180473 0.0 0.636927619872692 0.7350992211177716 1.0 0.28183091516500586 0.0 0.0 1.0 1.0 0.0 0.0 1.0 1.0 0.013205163259903197 0.8736542121892705 0.1542478180727142 0.017797353962816467 2.314397145296704E-4 0.10718058639811366 0.0013395614876422649 2.438266840221435E-4
0.692308 1.0 0.0 0.0 0.3333333333333333 0.1747425010840047 0.0 0.16727140193180473 0.0 0.636927619872692 0.7350992211177716 1.0 0.28183091516500586 0.0 0.0 1.0 1.0 0.0 0.0 1.0 1.0 0.013205163259903197 0.8736542121892705 0.1542478180727142 0.017797353962816467 2.314397145296704E-4 0.10718058639811366 0.0013395614876422649 2.438266840221435E-4
0.692308 1.0 0.0 0.0 1.0 -1.0 0.0 0.16727140193180473 0.0 0.636927619872692 0.7350992211177716 1.0 0.28183091516500586 0.0 0.0 1.0 1.0 0.0 0.0 1.0 1.0 0.013205163259903197 0.8736542121892705 0.1542478180727142 0.017797353962816467 2.314397145296704E-4 0.10718058639811366 0.0013395614876422649 2.438266840221435E-4
0.769231 1.0 0.0 0.0 1.0 -0.75 0.0 0.16727140193180473 0.0 0.636927619872692 0.7350992211177716 1.0 0.28183091516500586 0.0 0.0 1.0 1.0 0.0 0.0 1.0 1.0 0.013205163259903197 0.8736542121892705 0.1542478180727142 0.017797353962816467 2.314397145296704E-4 0.10718058639811366 0.0013395614876422649 2.438266840221435E-4
0.692308 1.0 0.0 0.0 1.0 -0.5 0.0 0.16727140193180473 0.0 0.636927619872692 0.7350992211177716 1.0 0.28183091516500586 0.0 0.0 1.0 1.0 0.0 0.0 1.0 1.0 0.013205163259903197 0.8736542121892705 0.1542478180727142 0.017797353962816467 2.314397145296704E-4 0.10718058639811366 0.0013395614876422649 2.438266840221435E-4
0.692308 1.0 0.0 0.0 1.0 -0.3252574989159953 0.0 0.16727140193180473 0.0 0.636927619872692 0.7350992211177716 1.0 0.28183091516500586 0.0 0.0 1.0 1.0 0.0 0.0 1.0 1.0 0.013205163259903197 0.8736542121892705 0.1542478180727142 0.017797353962816467 2.314397145296704E-4 0.10718058639811366 0.0013395614876422649 2.438266840221435E-4
0.692308 1.0 0.0 0.0 1.0 -0.25 0.0 0.16727140193180473 0.0 0.636927619872692 0.7350992211177716 1.0 0.28183091516500586 0.0 0.0 1.0 1.0 0.0 0.0 1.0 1.0 0.013205163259903197 0.8736542121892705 0.1542478180727142 0.017797353962816467 2.314397145296704E-4 0.10718058639811366 0.0013395614876422649 2.438266840221435E-4
0.692308 1.0 0.0 0.0 1.0 -0.0752574989159953 0.0 0.16727140193180473 0.0 0.636927619872692 0.7350992211177716 1.0 0.28183091516500586 0.0 0.0 1.0 1.0 0.0 0.0 1.0 1.0 0.013205163259903197 0.8736542121892705 0.1542478180727142 0.017797353962816467 2.314397145296704E-4 0.10718058639811366 0.0013395614876422649 2.438266840221435E-4
0.692308 1.0 0.0 0.0 1.0 0.75 0.0 0.16727140193180473 0.0 0.636927619872692 0.7350992211177716 1.0 0.28183091516500586 0.0 0.0 1.0 1.0 0.0 0.0 1.0 1.0 0.013205163259903197 0.8736542121892705 0.1542478180727142 0.017797353962816467 2.314397145296704E-4 0.10718058639811366 0.0013395614876422649 2.438266840221435E-4
0.692308 1.0 0.0 0.0 1.0 0.5000000000000001 0.0 0.16727140193180473 0.0 0.636927619872692 0.7350992211177716 1.0 0.28183091516500586 0.0 0.0 1.0 1.0 0.0 0.0 1.0 1.0 0.013205163259903197 0.8736542121892705 0.1542478180727142 0.017797353962816467 2.314397145296704E-4 0.10718058639811366 0.0013395614876422649 2.438266840221435E-4
0.692308 1.0 0.0 0.0 1.0 0.25000000000000006 0.0 0.16727140193180473 0.0 0.636927619872692 0.7350992211177716 1.0 0.28183091516500586 0.0 0.0 1.0 1.0 0.0 0.0 1.0 1.0 0.013205163259903197 0.8736542121892705 0.1542478180727142 0.017797353962816467 2.314397145296704E-4 0.10718058639811366 0.0013395614876422649 2.438266840221435E-4
0.692308 1.0 0.0 0.0 1.0 0.0 0.0 0.16727140193180473 0.0 0.636927619872692 0.7350992211177716 1.0 0.28183091516500586 0.0 0.0 1.0 1.0 0.0 0.0 1.0 1.0 0.013205163259903197 0.8736542121892705 0.1542478180727142 0.017797353962816467 2.314397145296704E-4 0.10718058639811366 0.0013395614876422649 2.438266840221435E-4
0.692308 1.0 0.0 0.0 1.0 0.3252574989159953 0.0 0.16727140193180473 0.0 0.636927619872692 0.7350992211177716 1.0 0.28183091516500586 0.0 0.0 1.0 1.0 0.0 0.0 1.0 1.0 0.013205163259903197 0.8736542121892705 0.1542478180727142 0.017797353962816467 2.314397145296704E-4 0.10718058639811366 0.0013395614876422649 2.438266840221435E-4
0.692308 1.0 0.0 0.0 1.0 0.0752574989159953 0.0 0.16727140193180473 0.0 0.636927619872692 0.7350992211177716 1.0 0.28183091516500586 0.0 0.0 1.0 1.0 0.0 0.0 1.0 1.0 0.013205163259903197 0.8736542121892705 0.1542478180727142 0.017797353962816467 2.314397145296704E-4 0.10718058639811366 0.0013395614876422649 2.438266840221435E-4
0.692308 1.0 0.0 0.0 1.0 0.4247425010840047 0.0 0.16727140193180473 0.0 0.636927619872692 0.7350992211177716 1.0 0.28183091516500586 0.0 0.0 1.0 1.0 0.0 0.0 1.0 1.0 0.013205163259903197 0.8736542121892705 0.1542478180727142 0.017797353962816467 2.314397145296704E-4 0.10718058639811366 0.0013395614876422649 2.438266840221435E-4
0.692308 1.0 0.0 0.0 1.0 0.1747425010840047 0.0 0.16727140193180473 0.0 0.636927619872692 0.7350992211177716 1.0 0.28183091516500586 0.0 0.0 1.0 1.0 0.0 0.0 1.0 1.0 0.013205163259903197 0.8736542121892705 0.1542478180727142 0.017797353962816467 2.314397145296704E-4 0.10718058639811366 0.0013395614876422649 2.438266840221435E-4
0.769231 1.0 0.0 0.0 0.5 -1.0 0.0 0.16727140193180473 0.0 0.636927619872692 0.7350992211177716 1.0 0.28183091516500586 0.0 0.0 1.0 1.0 0.0 0.0 1.0 1.0 0.013205163259903197 0.8736542121892705 0.1542478180727142 0.017797353962816467 2.314397145296704E-4 0.10718058639811366 0.0013395614876422649 2.438266840221435E-4
0.769231 1.0 0.0 0.0 0.5 -0.75 0.0 0.16727140193180473 0.0 0.636927619872692 0.7350992211177716 1.0 0.28183091516500586 0.0 0.0 1.0 1.0 0.0 0.0 1.0 1.0 0.013205163259903197 0.8736542121892705 0.1542478180727142 0.017797353962816467 2.314397145296704E-4 0.10718058639811366 0.0013395614876422649 2.438266840221435E-4
0.692308 1.0 0.0 0.0 0.5 -0.5 0.0 0.16727140193180473 0.0 0.636927619872692 0.7350992211177716 1.0 0.28183091516500586 0.0 0.0 1.0 1.0 0.0 0.0 1.0 1.0 0.013205163259903197 0.8736542121892705 0.1542478180727142 0.017797353962816467 2.314397145296704E-4 0.10718058639811366 0.0013395614876422649 2.438266840221435E-4
0.692308 1.0 0.0 0.0 0.5 -0.3252574989159953 0.0 0.16727140193180473 0.0 0.636927619872692 0.7350992211177716 1.0 0.28183091516500586 0.0 0.0 1.0 1.0 0.0 0.0 1.0 1.0 0.013205163259903197 0.8736542121892705 0.1542478180727142 0.017797353962816467 2.314397145296704E-4 0.10718058639811366 0.0013395614876422649 2.438266840221435E-4
0.692308 1.0 0.0 0.0 0.5 -0.25 0.0 0.16727140193180473 0.0 0.636927619872692 0.7350992211177716 1.0 0.28183091516500586 0.0 0.0 1.0 1.0 0.0 0.0 1.0 1.0 0.013205163259903197 0.8736542121892705 0.1542478180727142 0.017797353962816467 2.314397145296704E-4 0.10718058639811366 0.0013395614876422649 2.438266840221435E-4
0.692308 1.0 0.0 0.0 0.5 -0.0752574989159953 0.0 0.16727140193180473 0.0 0.636927619872692 0.7350992211177716 1.0 0.28183091516500586 0.0 0.0 1.0 1.0 0.0 0.0 1.0 1.0 0.013205163259903197 0.8736542121892705 0.1542478180727142 0.017797353962816467 2.314397145296704E-4 0.10718058639811366 0.0013395614876422649 2.438266840221435E-4
0.692308 1.0 0.0 0.0 0.5 0.75 0.0 0.16727140193180473 0.0 0.636927619872692 0.7350992211177716 1.0 0.28183091516500586 0.0 0.0 1.0 1.0 0.0 0.0 1.0 1.0 0.013205163259903197 0.8736542121892705 0.1542478180727142 0.017797353962816467 2.314397145296704E-4 0.10718058639811366 0.0013395614876422649 2.438266840221435E-4
0.692308 1.0 0.0 0.0 0.5 0.5000000000000001 0.0 0.16727140193180473 0.0 0.636927619872692 0.7350992211177716 1.0 0.28183091516500586 0.0 0.0 1.0 1.0 0.0 0.0 1.0 1.0 0.013205163259903197 0.8736542121892705 0.1542478180727142 0.017797353962816467 2.314397145296704E-4 0.10718058639811366 0.0013395614876422649 2.438266840221435E-4
0.692308 1.0 0.0 0.0 0.5 0.25000000000000006 0.0 0.16727140193180473 0.0 0.636927619872692 0.7350992211177716 1.0 0.28183091516500586 0.0 0.0 1.0 1.0 0.0 0.0 1.0 1.0 0.013205163259903197 0.8736542121892705 0.1542478180727142 0.017797353962816467 2.314397145296704E-4 0.10718058639811366 0.0013395614876422649 2.438266840221435E-4
0.692308 1.0 0.0 0.0 0.5 0.0 0.0 0.16727140193180473 0.0 0.636927619872692 0.7350992211177716 1.0 0.28183091516500586 0.0 0.0 1.0 1.0 0.0 0.0 1.0 1.0 0.013205163259903197 0.8736542121892705 0.1542478180727142 0.017797353962816467 2.314397145296704E-4 0.10718058639811366 0.0013395614876422649 2.438266840221435E-4
0.692308 1.0 0.0 0.0 0.5 0.3252574989159953 0.0 0.16727140193180473 0.0 0.636927619872692 0.7350992211177716 1.0 0.28183091516500586 0.0 0.0 1.0 1.0 0.0 0.0 1.0 1.0 0.013205163259903197 0.8736542121892705 0.1542478180727142 0.017797353962816467 2.314397145296704E-4 0.10718058639811366 0.0013395614876422649 2.438266840221435E-4
0.692308 1.0 0.0 0.0 0.5 0.0752574989159953 0.0 0.16727140193180473 0.0 0.636927619872692 0.7350992211177716 1.0 0.28183091516500586 0.0 0.0 1.0 1.0 0.0 0.0 1.0 1.0 0.013205163259903197 0.8736542121892705 0.1542478180727142 0.017797353962816467 2.314397145296704E-4 0.10718058639811366 0.0013395614876422649 2.438266840221435E-4
0.692308 1.0 0.0 0.0 0.5 0.4247425010840047 0.0 0.16727140193180473 0.0 0.636927619872692 0.7350992211177716 1.0 0.28183091516500586 0.0 0.0 1.0 1.0 0.0 0.0 1.0 1.0 0.013205163259903197 0.8736542121892705 0.1542478180727142 0.017797353962816467 2.314397145296704E-4 0.10718058639811366 0.0013395614876422649 2.438266840221435E-4
0.692308 1.0 0.0 0.0 0.5 0.1747425010840047 0.0 0.16727140193180473 0.0 0.636927619872692 0.7350992211177716 1.0 0.28183091516500586 0.0 0.0 1.0 1.0 0.0 0.0 1.0 1.0 0.013205163259903197 0.8736542121892705 0.1542478180727142 0.017797353962816467 2.314397145296704E-4 0.10718058639811366 0.0013395614876422649 2.438266840221435E-4
0.692308 0.0 1.0 0.0 -0.8333333333333334 0.0 1.0 0.16727140193180473 0.0 0.636927619872692 0.7350992211177716 1.0 0.28183091516500586 0.0 0.0 1.0 1.0 0.0 0.0 1.0 1.0 0.013205163259903197 0.8736542121892705 0.1542478180727142 0.017797353962816467 2.314397145296704E-4 0.10718058639811366 0.0013395614876422649 2.438266840221435E-4
0.692308 0.0 1.0 0.0 -0.8333333333333334 0.0 0.30102999566398114 0.16727140193180473 0.0 0.636927619872692 0.7350992211177716 1.0 0.28183091516500586 0.0 0.0 1.0 1.0 0.0 0.0 1.0 1.0 0.013205163259903197 0.8736542121892705 0.1542478180727142 0.017797353962816467 2.314397145296704E-4 0.10718058639811366 0.0013395614876422649 2.438266840221435E-4
0.692308 0.0 1.0 0.0 -0.8333333333333334 0.0 0.47712125471966244 0.16727140193180473 0.0 0.636927619872692 0.7350992211177716 1.0 0.28183091516500586 0.0 0.0 1.0 1.0 0.0 0.0 1.0 1.0 0.013205163259903197 0.8736542121892705 0.1542478180727142 0.017797353962816467 2.314397145296704E-4 0.10718058639811366 0.0013395614876422649 2.438266840221435E-4
0.692308 0.0 1.0 0.0 -0.8333333333333334 0.0 0.6020599913279623 0.16727140193180473 0.0 0.636927619872692 0.7350992211177716 1.0 0.28183091516500586 0.0 0.0 1.0 1.0 0.0 0.0 1.0 1.0 0.013205163259903197 0.8736542121892705 0.1542478180727142 0.017797353962816467 2.314397145296704E-4 0.10718058639811366 0.0013395614876422649 2.438266840221435E-4
0.692308 0.0 1.0 0.0 -0.8333333333333334 0.0 0.6989700043360187 0.16727140193180473 0.0 0.636927619872692 0.7350992211177716 1.0 0.28183091516500586 0.0 0.0 1.0 1.0 0.0 0.0 1.0 1.0 0.013205163259903197 0.8736542121892705 0.1542478180727142 0.017797353962816467 2.314397145296704E-4 0.10718058639811366 0.0013395614876422649 2.438266840221435E-4
0.692308 0.0 1.0 0.0 -0.8333333333333334 0.0 0.7781512503836435 0.16727140193180473 0.0 0.636927619872692 0.7350992211177716 1.0 0.28183091516500586 0.0 0.0 1.0 1.0 0.0 0.0 1.0 1.0 0.013205163259903197 0.8736542121892705 0.1542478180727142 0.017797353962816467 2.314397145296704E-4 0.10718058639811366 0.0013395614876422649 2.438266840221435E-4
0.692308 0.0 1.0 0.0 -0.8333333333333334 0.0 0.8450980400142568 0.16727140193180473 0.0 0.636927619872692 0.7350992211177716 1.0 0.28183091516500586 0.0 0.0 1.0 1.0 0.0 0.0 1.0 1.0 0.013205163259903197 0.8736542121892705 0.1542478180727142 0.017797353962816467 2.314397145296704E-4 0.10718058639811366 0.0013395614876422649 2.438266840221435E-4
0.692308 0.0 1.0 0.0 -0.8333333333333334 0.0 0.9030899869919435 0.16727140193180473 0.0 0.636927619872692 0.7350992211177716 1.0 0.28183091516500586 0.0 0.0 1.0 1.0 0.0 0.0 1.0 1.0 0.013205163259903197 0.8736542121892705 0.1542478180727142 0.017797353962816467 2.314397145296704E-4 0.10718058639811366 0.0013395614876422649 2.438266840221435E-4
0.692308 0.0 1.0 0.0 -0.8333333333333334 0.0 0.9542425094393249 0.16727140193180473 0.0 0.636927619872692 0.7350992211177716 1.0 0.28183091516500586 0.0 0.0 1.0 1.0 0.0 0.0 1.0 1.0 0.013205163259903197 0.8736542121892705 0.1542478180727142 0.017797353962816467 2.314397145296704E-4 0.10718058639811366 0.0013395614876422649 2.438266840221435E-4
0.692308 0.0 1.0 0.0 -0.6666666666666666 0.0 1.0 0.16727140193180473 0.0 0.636927619872692 0.7350992211177716 1.0 0.28183091516500586 0.0 0.0 1.0 1.0 0.0 0.0 1.0 1.0 0.013205163259903197 0.8736542121892705 0.1542478180727142 0.017797353962816467 2.314397145296704E-4 0.10718058639811366 0.0013395614876422649 2.438266840221435E-4
0.692308 0.0 1.0 0.0 -0.6666666666666666 0.0 0.30102999566398114 0.16727140193180473 0.0 0.636927619872692 0.7350992211177716 1.0 0.28183091516500586 0.0 0.0 1.0 1.0 0.0 0.0 1.0 1.0 0.013205163259903197 0.8736542121892705 0.1542478180727142 0.017797353962816467 2.314397145296704E-4 0.10718058639811366 0.0013395614876422649 2.438266840221435E-4
0.692308 0.0 1.0 0.0 -0.6666666666666666 0.0 0.47712125471966244 0.16727140193180473 0.0 0.636927619872692 0.7350992211177716 1.0 0.28183091516500586 0.0 0.0 1.0 1.0 0.0 0.0 1.0 1.0 0.013205163259903197 0.8736542121892705 0.1542478180727142 0.017797353962816467 2.314397145296704E-4 0.10718058639811366 0.0013395614876422649 2.438266840221435E-4
0.692308 0.0 1.0 0.0 -0.6666666666666666 0.0 0.6020599913279623 0.16727140193180473 0.0 0.636927619872692 0.7350992211177716 1.0 0.28183091516500586 0.0 0.0 1.0 1.0 0.0 0.0 1.0 1.0 0.013205163259903197 0.8736542121892705 0.1542478180727142 0.017797353962816467 2.314397145296704E-4 0.10718058639811366 0.0013395614876422649 2.438266840221435E-4
0.692308 0.0 1.0 0.0 -0.6666666666666666 0.0 0.6989700043360187 0.16727140193180473 0.0 0.636927619872692 0.7350992211177716 1.0 0.28183091516500586 0.0 0.0 1.0 1.0 0.0 0.0 1.0 1.0 0.013205163259903197 0.8736542121892705 0.1542478180727142 0.017797353962816467 2.314397145296704E-4 0.10718058639811366 0.0013395614876422649 2.438266840221435E-4
0.692308 0.0 1.0 0.0 -0.6666666666666666 0.0 0.7781512503836435 0.16727140193180473 0.0 0.636927619872692 0.7350992211177716 1.0 0.28183091516500586 0.0 0.0 1.0 1.0 0.0 0.0 1.0 1.0 0.013205163259903197 0.8736542121892705 0.1542478180727142 0.017797353962816467 2.314397145296704E-4 0.10718058639811366 0.0013395614876422649 2.438266840221435E-4
0.692308 0.0 1.0 0.0 -0.6666666666666666 0.0 0.8450980400142568 0.16727140193180473 0.0 0.636927619872692 0.7350992211177716 1.0 0.28183091516500586 0.0 0.0 1.0 1.0 0.0 0.0 1.0 1.0 0.013205163259903197 0.8736542121892705 0.1542478180727142 0.017797353962816467 2.314397145296704E-4 0.10718058639811366 0.0013395614876422649 2.438266840221435E-4
0.692308 0.0 1.0 0.0 -0.6666666666666666 0.0 0.9030899869919435 0.16727140193180473 0.0 0.636927619872692 0.7350992211177716 1.0 0.28183091516500586 0.0 0.0 1.0 1.0 0.0 0.0 1.0 1.0 0.013205163259903197 0.8736542121892705 0.1542478180727142 0.017797353962816467 2.314397145296704E-4 0.10718058639811366 0.0013395614876422649 2.438266840221435E-4
0.692308 0.0 1.0 0.0 -0.6666666666666666 0.0 0.9542425094393249 0.16727140193180473 0.0 0.636927619872692 0.7350992211177716 1.0 0.28183091516500586 0.0 0.0 1.0 1.0 0.0 0.0 1.0 1.0 0.013205163259903197 0.8736542121892705 0.1542478180727142 0.017797353962816467 2.314397145296704E-4 0.10718058639811366 0.0013395614876422649 2.438266840221435E-4
0.692308 0.0 1.0 0.0 -0.5 0.0 1.0 0.16727140193180473 0.0 0.636927619872692 0.7350992211177716 1.0 0.28183091516500586 0.0 0.0 1.0 1.0 0.0 0.0 1.0 1.0 0.013205163259903197 0.8736542121892705 0.1542478180727142 0.017797353962816467 2.314397145296704E-4 0.10718058639811366 0.0013395614876422649 2.438266840221435E-4
0.692308 0.0 1.0 0.0 -0.5 0.0 0.30102999566398114 0.16727140193180473 0.0 0.636927619872692 0.7350992211177716 1.0 0.28183091516500586 0.0 0.0 1.0 1.0 0.0 0.0 1.0 1.0 0.013205163259903197 0.8736542121892705 0.1542478180727142 0.017797353962816467 2.314397145296704E-4 0.10718058639811366 0.0013395614876422649 2.438266840221435E-4
0.692308 0.0 1.0 0.0 -0.5 0.0 0.47712125471966244 0.16727140193180473 0.0 0.636927619872692 0.7350992211177716 1.0 0.28183091516500586 0.0 0.0 1.0 1.0 0.0 0.0 1.0 1.0 0.013205163259903197 0.8736542121892705 0.1542478180727142 0.017797353962816467 2.314397145296704E-4 0.10718058639811366 0.0013395614876422649 2.438266840221435E-4
0.692308 0.0 1.0 0.0 -0.5 0.0 0.6020599913279623 0.16727140193180473 0.0 0.636927619872692 0.7350992211177716 1.0 0.28183091516500586 0.0 0.0 1.0 1.0 0.0 0.0 1.0 1.0 0.013205163259903197 0.8736542121892705 0.1542478180727142 0.017797353962816467 2.314397145296704E-4 0.10718058639811366 0.0013395614876422649 2.438266840221435E-4
0.692308 0.0 1.0 0.0 -0.5 0.0 0.6989700043360187 0.16727140193180473 0.0 0.636927619872692 0.7350992211177716 1.0 0.28183091516500586 0.0 0.0 1.0 1.0 0.0 0.0 1.0 1.0 0.013205163259903197 0.8736542121892705 0.1542478180727142 0.017797353962816467 2.314397145296704E-4 0.10718058639811366 0.0013395614876422649 2.438266840221435E-4
0.692308 0.0 1.0 0.0 -0.5 0.0 0.7781512503836435 0.16727140193180473 0.0 0.636927619872692 0.7350992211177716 1.0 0.28183091516500586 0.0 0.0 1.0 1.0 0.0 0.0 1.0 1.0 0.013205163259903197 0.8736542121892705 0.1542478180727142 0.017797353962816467 2.314397145296704E-4 0.10718058639811366 0.0013395614876422649 2.438266840221435E-4
0.692308 0.0 1.0 0.0 -0.5 0.0 0.8450980400142568 0.16727140193180473 0.0 0.636927619872692 0.7350992211177716 1.0 0.28183091516500586 0.0 0.0 1.0 1.0 0.0 0.0 1.0 1.0 0.013205163259903197 0.8736542121892705 0.1542478180727142 0.017797353962816467 2.314397145296704E-4 0.10718058639811366 0.0013395614876422649 2.438266840221435E-4
0.692308 0.0 1.0 0.0 -0.5 0.0 0.9030899869919435 0.16727140193180473 0.0 0.636927619872692 0.7350992211177716 1.0 0.28183091516500586 0.0 0.0 1.0 1.0 0.0 0.0 1.0 1.0 0.013205163259903197 0.8736542121892705 0.1542478180727142 0.017797353962816467 2.314397145296704E-4 0.10718058639811366 0.0013395614876422649 2.438266840221435E-4
0.692308 0.0 1.0 0.0 -0.5 0.0 0.9542425094393249 0.16727140193180473 0.0 0.636927619872692 0.7350992211177716 1.0 0.28183091516500586 0.0 0.0 1.0 1.0 0.0 0.0 1.0 1.0 0.013205163259903197 0.8736542121892705 0.1542478180727142 0.017797353962816467 2.314397145296704E-4 0.10718058639811366 0.0013395614876422649 2.438266840221435E-4
0.692308 0.0 1.0 0.0 -0.3333333333333333 0.0 1.0 0.16727140193180473 0.0 0.636927619872692 0.7350992211177716 1.0 0.28183091516500586 0.0 0.0 1.0 1.0 0.0 0.0 1.0 1.0 0.013205163259903197 0.8736542121892705 0.1542478180727142 0.017797353962816467 2.314397145296704E-4 0.10718058639811366 0.0013395614876422649 2.438266840221435E-4
0.692308 0.0 1.0 0.0 -0.3333333333333333 0.0 0.30102999566398114 0.16727140193180473 0.0 0.636927619872692 0.7350992211177716 1.0 0.28183091516500586 0.0 0.0 1.0 1.0 0.0 0.0 1.0 1.0 0.013205163259903197 0.8736542121892705 0.1542478180727142 0.017797353962816467 2.314397145296704E-4 0.10718058639811366 0.0013395614876422649 2.438266840221435E-4
0.692308 0.0 1.0 0.0 -0.3333333333333333 0.0 0.47712125471966244 0.16727140193180473 0.0 0.636927619872692 0.7350992211177716 1.0 0.28183091516500586 0.0 0.0 1.0 1.0 0.0 0.0 1.0 1.0 0.013205163259903197 0.8736542121892705 0.1542478180727142 0.017797353962816467 2.314397145296704E-4 0.10718058639811366 0.0013395614876422649 2.438266840221435E-4
0.692308 0.0 1.0 0.0 -0.3333333333333333 0.0 0.6020599913279623 0.16727140193180473 0.0 0.636927619872692 0.7350992211177716 1.0 0.28183091516500586 0.0 0.0 1.0 1.0 0.0 0.0 1.0 1.0 0.013205163259903197 0.8736542121892705 0.1542478180727142 0.017797353962816467 2.314397145296704E-4 0.10718058639811366 0.0013395614876422649 2.438266840221435E-4
0.692308 0.0 1.0 0.0 -0.3333333333333333 0.0 0.6989700043360187 0.16727140193180473 0.0 0.636927619872692 0.7350992211177716 1.0 0.28183091516500586 0.0 0.0 1.0 1.0 0.0 0.0 1.0 1.0 0.013205163259903197 0.8736542121892705 0.1542478180727142 0.017797353962816467 2.314397145296704E-4 0.10718058639811366 0.0013395614876422649 2.438266840221435E-4
0.692308 0.0 1.0 0.0 -0.3333333333333333 0.0 0.7781512503836435 0.16727140193180473 0.0 0.636927619872692 0.7350992211177716 1.0 0.28183091516500586 0.0 0.0 1.0 1.0 0.0 0.0 1.0 1.0 0.013205163259903197 0.8736542121892705 0.1542478180727142 0.017797353962816467 2.314397145296704E-4 0.10718058639811366 0.0013395614876422649 2.438266840221435E-4
0.692308 0.0 1.0 0.0 -0.3333333333333333 0.0 0.8450980400142568 0.16727140193180473 0.0 0.636927619872692 0.7350992211177716 1.0 0.28183091516500586 0.0 0.0 1.0 1.0 0.0 0.0 1.0 1.0 0.013205163259903197 0.8736542121892705 0.1542478180727142 0.017797353962816467 2.314397145296704E-4 0.10718058639811366 0.0013395614876422649 2.438266840221435E-4
0.692308 0.0 1.0 0.0 -0.3333333333333333 0.0 0.9030899869919435 0.16727140193180473 0.0 0.636927619872692 0.7350992211177716 1.0 0.28183091516500586 0.0 0.0 1.0 1.0 0.0 0.0 1.0 1.0 0.013205163259903197 0.8736542121892705 0.1542478180727142 0.017797353962816467 2.314397145296704E-4 0.10718058639811366 0.0013395614876422649 2.438266840221435E-4
0.692308 0.0 1.0 0.0 -0.3333333333333333 0.0 0.9542425094393249 0.16727140193180473 0.0 0.636927619872692 0.7350992211177716 1.0 0.28183091516500586 0.0 0.0 1.0 1.0 0.0 0.0 1.0 1.0 0.013205163259903197 0.8736542121892705 0.1542478180727142 0.017797353962816467 2.314397145296704E-4 0.10718058639811366 0.0013395614876422649 2.438266840221435E-4
0.692308 0.0 1.0 0.0 -0.16666666666666666 0.0 1.0 0.16727140193180473 0.0 0.636927619872692 0.7350992211177716 1.0 0.28183091516500586 0.0 0.0 1.0 1.0 0.0 0.0 1.0 1.0 0.013205163259903197 0.8736542121892705 0.1542478180727142 0.017797353962816467 2.314397145296704E-4 0.10718058639811366 0.0013395614876422649 2.438266840221435E-4
0.692308 0.0 1.0 0.0 -0.16666666666666666 0.0 0.30102999566398114 0.16727140193180473 0.0 0.636927619872692 0.7350992211177716 1.0 0.28183091516500586 0.0 0.0 1.0 1.0 0.0 0.0 1.0 1.0 0.013205163259903197 0.8736542121892705 0.1542478180727142 0.017797353962816467 2.314397145296704E-4 0.10718058639811366 0.0013395614876422649 2.438266840221435E-4
0.692308 0.0 1.0 0.0 -0.16666666666666666 0.0 0.47712125471966244 0.16727140193180473 0.0 0.636927619872692 0.7350992211177716 1.0 0.28183091516500586 0.0 0.0 1.0 1.0 0.0 0.0 1.0 1.0 0.013205163259903197 0.8736542121892705 0.1542478180727142 0.017797353962816467 2.314397145296704E-4 0.10718058639811366 0.0013395614876422649 2.438266840221435E-4
0.692308 0.0 1.0 0.0 -0.16666666666666666 0.0 0.6020599913279623 0.16727140193180473 0.0 0.636927619872692 0.7350992211177716 1.0 0.28183091516500586 0.0 0.0 1.0 1.0 0.0 0.0 1.0 1.0 0.013205163259903197 0.8736542121892705 0.1542478180727142 0.017797353962816467 2.314397145296704E-4 0.10718058639811366 0.0013395614876422649 2.438266840221435E-4
0.692308 0.0 1.0 0.0 -0.16666666666666666 0.0 0.6989700043360187 0.16727140193180473 0.0 0.636927619872692 0.7350992211177716 1.0 0.28183091516500586 0.0 0.0 1.0 1.0 0.0 0.0 1.0 1.0 0.013205163259903197 0.8736542121892705 0.1542478180727142 0.017797353962816467 2.314397145296704E-4 0.10718058639811366 0.0013395614876422649 2.438266840221435E-4
0.692308 0.0 1.0 0.0 -0.16666666666666666 0.0 0.7781512503836435 0.16727140193180473 0.0 0.636927619872692 0.7350992211177716 1.0 0.28183091516500586 0.0 0.0 1.0 1.0 0.0 0.0 1.0 1.0 0.013205163259903197 0.8736542121892705 0.1542478180727142 0.017797353962816467 2.314397145296704E-4 0.10718058639811366 0.0013395614876422649 2.438266840221435E-4
0.692308 0.0 1.0 0.0 -0.16666666666666666 0.0 0.8450980400142568 0.16727140193180473 0.0 0.636927619872692 0.7350992211177716 1.0 0.28183091516500586 0.0 0.0 1.0 1.0 0.0 0.0 1.0 1.0 0.013205163259903197 0.8736542121892705 0.1542478180727142 0.017797353962816467 2.314397145296704E-4 0.10718058639811366 0.0013395614876422649 2.438266840221435E-4
0.692308 0.0 1.0 0.0 -0.16666666666666666 0.0 0.9030899869919435 0.16727140193180473 0.0 0.636927619872692 0.7350992211177716 1.0 0.28183091516500586 0.0 0.0 1.0 1.0 0.0 0.0 1.0 1.0 0.013205163259903197 0.8736542121892705 0.1542478180727142 0.017797353962816467 2.314397145296704E-4 0.10718058639811366 0.0013395614876422649 2.438266840221435E-4
0.692308 0.0 1.0 0.0 -0.16666666666666666 0.0 0.9542425094393249 0.16727140193180473 0.0 0.636927619872692 0.7350992211177716 1.0 0.28183091516500586 0.0 0.0 1.0 1.0 0.0 0.0 1.0 1.0 0.013205163259903197 0.8736542121892705 0.1542478180727142 0.017797353962816467 2.314397145296704E-4 0.10718058639811366 0.0013395614876422649 2.438266840221435E-4
0.692308 0.0 1.0 0.0 0.6666666666666666 0.0 1.0 0.16727140193180473 0.0 0.636927619872692 0.7350992211177716 1.0 0.28183091516500586 0.0 0.0 1.0 1.0 0.0 0.0 1.0 1.0 0.013205163259903197 0.8736542121892705 0.1542478180727142 0.017797353962816467 2.314397145296704E-4 0.10718058639811366 0.0013395614876422649 2.438266840221435E-4
0.846154 0.0 1.0 0.0 0.6666666666666666 0.0 0.30102999566398114 0.16727140193180473 0.0 0.636927619872692 0.7350992211177716 1.0 0.28183091516500586 0.0 0.0 1.0 1.0 0.0 0.0 1.0 1.0 0.013205163259903197 0.8736542121892705 0.1542478180727142 0.017797353962816467 2.314397145296704E-4 0.10718058639811366 0.0013395614876422649 2.438266840221435E-4
0.692308 0.0 1.0 0.0 0.6666666666666666 0.0 0.47712125471966244 0.16727140193180473 0.0 0.636927619872692 0.7350992211177716 1.0 0.28183091516500586 0.0 0.0 1.0 1.0 0.0 0.0 1.0 1.0 0.013205163259903197 0.8736542121892705 0.1542478180727142 0.017797353962816467 2.314397145296704E-4 0.10718058639811366 0.0013395614876422649 2.438266840221435E-4
0.692308 0.0 1.0 0.0 0.6666666666666666 0.0 0.6020599913279623 0.16727140193180473 0.0 0.636927619872692 0.7350992211177716 1.0 0.28183091516500586 0.0 0.0 1.0 1.0 0.0 0.0 1.0 1.0 0.013205163259903197 0.8736542121892705 0.1542478180727142 0.017797353962816467 2.314397145296704E-4 0.10718058639811366 0.0013395614876422649 2.438266840221435E-4
0.692308 0.0 1.0 0.0 0.6666666666666666 0.0 0.6989700043360187 0.16727140193180473 0.0 0.636927619872692 0.7350992211177716 1.0 0.28183091516500586 0.0 0.0 1.0 1.0 0.0 0.0 1.0 1.0 0.013205163259903197 0.8736542121892705 0.1542478180727142 0.017797353962816467 2.314397145296704E-4 0.10718058639811366 0.0013395614876422649 2.438266840221435E-4
0.692308 0.0 1.0 0.0 0.6666666666666666 0.0 0.7781512503836435 0.16727140193180473 0.0 0.636927619872692 0.7350992211177716 1.0 0.28183091516500586 0.0 0.0 1.0 1.0 0.0 0.0 1.0 1.0 0.013205163259903197 0.8736542121892705 0.1542478180727142 0.017797353962816467 2.314397145296704E-4 0.10718058639811366 0.0013395614876422649 2.438266840221435E-4
0.692308 0.0 1.0 0.0 0.6666666666666666 0.0 0.8450980400142568 0.16727140193180473 0.0 0.636927619872692 0.7350992211177716 1.0 0.28183091516500586 0.0 0.0 1.0 1.0 0.0 0.0 1.0 1.0 0.013205163259903197 0.8736542121892705 0.1542478180727142 0.017797353962816467 2.314397145296704E-4 0.10718058639811366 0.0013395614876422649 2.438266840221435E-4
0.692308 0.0 1.0 0.0 0.6666666666666666 0.0 0.9030899869919435 0.16727140193180473 0.0 0.636927619872692 0.7350992211177716 1.0 0.28183091516500586 0.0 0.0 1.0 1.0 0.0 0.0 1.0 1.0 0.013205163259903197 0.8736542121892705 0.1542478180727142 0.017797353962816467 2.314397145296704E-4 0.10718058639811366 0.0013395614876422649 2.438266840221435E-4
0.692308 0.0 1.0 0.0 0.6666666666666666 0.0 0.9542425094393249 0.16727140193180473 0.0 0.636927619872692 0.7350992211177716 1.0 0.28183091516500586 0.0 0.0 1.0 1.0 0.0 0.0 1.0 1.0 0.013205163259903197 0.8736542121892705 0.1542478180727142 0.017797353962816467 2.314397145296704E-4 0.10718058639811366 0.0013395614876422649 2.438266840221435E-4
0.692308 0.0 1.0 0.0 0.0 0.0 1.0 0.16727140193180473 0.0 0.636927619872692 0.7350992211177716 1.0 0.28183091516500586 0.0 0.0 1.0 1.0 0.0 0.0 1.0 1.0 0.013205163259903197 0.8736542121892705 0.1542478180727142 0.017797353962816467 2.314397145296704E-4 0.10718058639811366 0.0013395614876422649 2.438266840221435E-4
0.692308 0.0 1.0 0.0 0.0 0.0 0.30102999566398114 0.16727140193180473 0.0 0.636927619872692 0.7350992211177716 1.0 0.28183091516500586 0.0 0.0 1.0 1.0 0.0 0.0 1.0 1.0 0.013205163259903197 0.8736542121892705 0.1542478180727142 0.017797353962816467 2.314397145296704E-4 0.10718058639811366 0.0013395614876422649 2.438266840221435E-4
0.692308 0.0 1.0 0.0 0.0 0.0 0.47712125471966244 0.16727140193180473 0.0 0.636927619872692 0.7350992211177716 1.0 0.28183091516500586 0.0 0.0 1.0 1.0 0.0 0.0 1.0 1.0 0.013205163259903197 0.8736542121892705 0.1542478180727142 0.017797353962816467 2.314397145296704E-4 0.10718058639811366 0.0013395614876422649 2.438266840221435E-4
0.692308 0.0 1.0 0.0 0.0 0.0 0.6020599913279623 0.16727140193180473 0.0 0.636927619872692 0.7350992211177716 1.0 0.28183091516500586 0.0 0.0 1.0 1.0 0.0 0.0 1.0 1.0 0.013205163259903197 0.8736542121892705 0.1542478180727142 0.017797353962816467 2.314397145296704E-4 0.10718058639811366 0.0013395614876422649 2.438266840221435E-4
0.692308 0.0 1.0 0.0 0.0 0.0 0.6989700043360187 0.16727140193180473 0.0 0.636927619872692 0.7350992211177716 1.0 0.28183091516500586 0.0 0.0 1.0 1.0 0.0 0.0 1.0 1.0 0.013205163259903197 0.8736542121892705 0.1542478180727142 0.017797353962816467 2.314397145296704E-4 0.10718058639811366 0.0013395614876422649 2.438266840221435E-4
0.692308 0.0 1.0 0.0 0.0 0.0 0.7781512503836435 0.16727140193180473 0.0 0.636927619872692 0.7350992211177716 1.0 0.28183091516500586 0.0 0.0 1.0 1.0 0.0 0.0 1.0 1.0 0.013205163259903197 0.8736542121892705 0.1542478180727142 0.017797353962816467 2.314397145296704E-4 0.10718058639811366 0.0013395614876422649 2.438266840221435E-4
0.692308 0.0 1.0 0.0 0.0 0.0 0.8450980400142568 0.16727140193180473 0.0 0.636927619872692 0.7350992211177716 1.0 0.28183091516500586 0.0 0.0 1.0 1.0 0.0 0.0 1.0 1.0 0.013205163259903197 0.8736542121892705 0.1542478180727142 0.017797353962816467 2.314397145296704E-4 0.10718058639811366 0.0013395614876422649 2.438266840221435E-4
0.692308 0.0 1.0 0.0 0.0 0.0 0.9030899869919435 0.16727140193180473 0.0 0.636927619872692 0.7350992211177716 1.0 0.28183091516500586 0.0 0.0 1.0 1.0 0.0 0.0 1.0 1.0 0.013205163259903197 0.8736542121892705 0.1542478180727142 0.017797353962816467 2.314397145296704E-4 0.10718058639811366 0.0013395614876422649 2.438266840221435E-4
0.692308 0.0 1.0 0.0 0.0 0.0 0.9542425094393249 0.16727140193180473 0.0 0.636927619872692 0.7350992211177716 1.0 0.28183091516500586 0.0 0.0 1.0 1.0 0.0 0.0 1.0 1.0 0.013205163259903197 0.8736542121892705 0.1542478180727142 0.017797353962816467 2.314397145296704E-4 0.10718058639811366 0.0013395614876422649 2.438266840221435E-4
0.692308 0.0 1.0 0.0 0.16666666666666666 0.0 1.0 0.16727140193180473 0.0 0.636927619872692 0.7350992211177716 1.0 0.28183091516500586 0.0 0.0 1.0 1.0 0.0 0.0 1.0 1.0 0.013205163259903197 0.8736542121892705 0.1542478180727142 0.017797353962816467 2.314397145296704E-4 0.10718058639811366 0.0013395614876422649 2.438266840221435E-4
0.692308 0.0 1.0 0.0 0.16666666666666666 0.0 0.30102999566398114 0.16727140193180473 0.0 0.636927619872692 0.7350992211177716 1.0 0.28183091516500586 0.0 0.0 1.0 1.0 0.0 0.0 1.0 1.0 0.013205163259903197 0.8736542121892705 0.1542478180727142 0.017797353962816467 2.314397145296704E-4 0.10718058639811366 0.0013395614876422649 2.438266840221435E-4
0.692308 0.0 1.0 0.0 0.16666666666666666 0.0 0.47712125471966244 0.16727140193180473 0.0 0.636927619872692 0.7350992211177716 1.0 0.28183091516500586 0.0 0.0 1.0 1.0 0.0 0.0 1.0 1.0 0.013205163259903197 0.8736542121892705 0.1542478180727142 0.017797353962816467 2.314397145296704E-4 0.10718058639811366 0.0013395614876422649 2.438266840221435E-4
0.692308 0.0 1.0 0.0 0.16666666666666666 0.0 0.6020599913279623 0.16727140193180473 0.0 0.636927619872692 0.7350992211177716 1.0 0.28183091516500586 0.0 0.0 1.0 1.0 0.0 0.0 1.0 1.0 0.013205163259903197 0.8736542121892705 0.1542478180727142 0.017797353962816467 2.314397145296704E-4 0.10718058639811366 0.0013395614876422649 2.438266840221435E-4
0.692308 0.0 1.0 0.0 0.16666666666666666 0.0 0.6989700043360187 0.16727140193180473 0.0 0.636927619872692 0.7350992211177716 1.0 0.28183091516500586 0.0 0.0 1.0 1.0 0.0 0.0 1.0 1.0 0.013205163259903197 0.8736542121892705 0.1542478180727142 0.017797353962816467 2.314397145296704E-4 0.10718058639811366 0.0013395614876422649 2.438266840221435E-4
0.692308 0.0 1.0 0.0 0.16666666666666666 0.0 0.7781512503836435 0.16727140193180473 0.0 0.636927619872692 0.7350992211177716 1.0 0.28183091516500586 0.0 0.0 1.0 1.0 0.0 0.0 1.0 1.0 0.013205163259903197 0.8736542121892705 0.1542478180727142 0.017797353962816467 2.314397145296704E-4 0.10718058639811366 0.0013395614876422649 2.438266840221435E-4
0.692308 0.0 1.0 0.0 0.16666666666666666 0.0 0.8450980400142568 0.16727140193180473 0.0 0.636927619872692 0.7350992211177716 1.0 0.28183091516500586 0.0 0.0 1.0 1.0 0.0 0.0 1.0 1.0 0.013205163259903197 0.8736542121892705 0.1542478180727142 0.017797353962816467 2.314397145296704E-4 0.10718058639811366 0.0013395614876422649 2.438266840221435E-4
0.692308 0.0 1.0 0.0 0.16666666666666666 0.0 0.9030899869919435 0.16727140193180473 0.0 0.636927619872692 0.7350992211177716 1.0 0.28183091516500586 0.0 0.0 1.0 1.0 0.0 0.0 1.0 1.0 0.013205163259903197 0.8736542121892705 0.1542478180727142 0.017797353962816467 2.314397145296704E-4 0.10718058639811366 0.0013395614876422649 2.438266840221435E-4
0.692308 0.0 1.0 0.0 0.16666666666666666 0.0 0.9542425094393249 0.16727140193180473 0.0 0.636927619872692 0.7350992211177716 1.0 0.28183091516500586 0.0 0.0 1.0 1.0 0.0 0.0 1.0 1.0 0.013205163259903197 0.8736542121892705 0.1542478180727142 0.017797353962816467 2.314397145296704E-4 0.10718058639811366 0.0013395614876422649 2.438266840221435E-4
0.692308 0.0 1.0 0.0 0.8333333333333334 0.0 1.0 0.16727140193180473 0.0 0.636927619872692 0.7350992211177716 1.0 0.28183091516500586 0.0 0.0 1.0 1.0 0.0 0.0 1.0 1.0 0.013205163259903197 0.8736542121892705 0.1542478180727142 0.017797353962816467 2.314397145296704E-4 0.10718058639811366 0.0013395614876422649 2.438266840221435E-4
0.769231 0.0 1.0 0.0 0.8333333333333334 0.0 0.30102999566398114 0.16727140193180473 0.0 0.636927619872692 0.7350992211177716 1.0 0.28183091516500586 0.0 0.0 1.0 1.0 0.0 0.0 1.0 1.0 0.013205163259903197 0.8736542121892705 0.1542478180727142 0.017797353962816467 2.314397145296704E-4 0.10718058639811366 0.0013395614876422649 2.438266840221435E-4
0.692308 0.0 1.0 0.0 0.8333333333333334 0.0 0.47712125471966244 0.16727140193180473 0.0 0.636927619872692 0.7350992211177716 1.0 0.28183091516500586 0.0 0.0 1.0 1.0 0.0 0.0 1.0 1.0 0.013205163259903197 0.8736542121892705 0.1542478180727142 0.017797353962816467 2.314397145296704E-4 0.10718058639811366 0.0013395614876422649 2.438266840221435E-4
0.692308 0.0 1.0 0.0 0.8333333333333334 0.0 0.6020599913279623 0.16727140193180473 0.0 0.636927619872692 0.7350992211177716 1.0 0.28183091516500586 0.0 0.0 1.0 1.0 0.0 0.0 1.0 1.0 0.013205163259903197 0.8736542121892705 0.1542478180727142 0.017797353962816467 2.314397145296704E-4 0.10718058639811366 0.0013395614876422649 2.438266840221435E-4
0.692308 0.0 1.0 0.0 0.8333333333333334 0.0 0.6989700043360187 0.16727140193180473 0.0 0.636927619872692 0.7350992211177716 1.0 0.28183091516500586 0.0 0.0 1.0 1.0 0.0 0.0 1.0 1.0 0.013205163259903197 0.8736542121892705 0.1542478180727142 0.017797353962816467 2.314397145296704E-4 0.10718058639811366 0.0013395614876422649 2.438266840221435E-4
0.692308 0.0 1.0 0.0 0.8333333333333334 0.0 0.7781512503836435 0.16727140193180473 0.0 0.636927619872692 0.7350992211177716 1.0 0.28183091516500586 0.0 0.0 1.0 1.0 0.0 0.0 1.0 1.0 0.013205163259903197 0.8736542121892705 0.1542478180727142 0.017797353962816467 2.314397145296704E-4 0.10718058639811366 0.0013395614876422649 2.438266840221435E-4
0.692308 0.0 1.0 0.0 0.8333333333333334 0.0 0.8450980400142568 0.16727140193180473 0.0 0.636927619872692 0.7350992211177716 1.0 0.28183091516500586 0.0 0.0 1.0 1.0 0.0 0.0 1.0 1.0 0.013205163259903197 0.8736542121892705 0.1542478180727142 0.017797353962816467 2.314397145296704E-4 0.10718058639811366 0.0013395614876422649 2.438266840221435E-4
0.692308 0.0 1.0 0.0 0.8333333333333334 0.0 0.9030899869919435 0.16727140193180473 0.0 0.636927619872692 0.7350992211177716 1.0 0.28183091516500586 0.0 0.0 1.0 1.0 0.0 0.0 1.0 1.0 0.013205163259903197 0.8736542121892705 0.1542478180727142 0.017797353962816467 2.314397145296704E-4 0.10718058639811366 0.0013395614876422649 2.438266840221435E-4
0.692308 0.0 1.0 0.0 0.8333333333333334 0.0 0.9542425094393249 0.16727140193180473 0.0 0.636927619872692 0.7350992211177716 1.0 0.28183091516500586 0.0 0.0 1.0 1.0 0.0 0.0 1.0 1.0 0.013205163259903197 0.8736542121892705 0.1542478180727142 0.017797353962816467 2.314397145296704E-4 0.10718058639811366 0.0013395614876422649 2.438266840221435E-4
0.692308 0.0 1.0 0.0 0.3333333333333333 0.0 1.0 0.16727140193180473 0.0 0.636927619872692 0.7350992211177716 1.0 0.28183091516500586 0.0 0.0 1.0 1.0 0.0 0.0 1.0 1.0 0.013205163259903197 0.8736542121892705 0.1542478180727142 0.017797353962816467 2.314397145296704E-4 0.10718058639811366 0.0013395614876422649 2.438266840221435E-4
0.692308 0.0 1.0 0.0 0.3333333333333333 0.0 0.30102999566398114 0.16727140193180473 0.0 0.636927619872692 0.7350992211177716 1.0 0.28183091516500586 0.0 0.0 1.0 1.0 0.0 0.0 1.0 1.0 0.013205163259903197 0.8736542121892705 0.1542478180727142 0.017797353962816467 2.314397145296704E-4 0.10718058639811366 0.0013395614876422649 2.438266840221435E-4
0.692308 0.0 1.0 0.0 0.3333333333333333 0.0 0.47712125471966244 0.16727140193180473 0.0 0.636927619872692 0.7350992211177716 1.0 0.28183091516500586 0.0 0.0 1.0 1.0 0.0 0.0 1.0 1.0 0.013205163259903197 0.8736542121892705 0.1542478180727142 0.017797353962816467 2.314397145296704E-4 0.10718058639811366 0.0013395614876422649 2.438266840221435E-4
0.692308 0.0 1.0 0.0 0.3333333333333333 0.0 0.6020599913279623 0.16727140193180473 0.0 0.636927619872692 0.7350992211177716 1.0 0.28183091516500586 0.0 0.0 1.0 1.0 0.0 0.0 1.0 1.0 0.013205163259903197 0.8736542121892705 0.1542478180727142 0.017797353962816467 2.314397145296704E-4 0.10718058639811366 0.0013395614876422649 2.438266840221435E-4
0.692308 0.0 1.0 0.0 0.3333333333333333 0.0 0.6989700043360187 0.16727140193180473 0.0 0.636927619872692 0.7350992211177716 1.0 0.28183091516500586 0.0 0.0 1.0 1.0 0.0 0.0 1.0 1.0 0.013205163259903197 0.8736542121892705 0.1542478180727142 0.017797353962816467 2.314397145296704E-4 0.10718058639811366 0.0013395614876422649 2.438266840221435E-4
0.692308 0.0 1.0 0.0 0.3333333333333333 0.0 0.7781512503836435 0.16727140193180473 0.0 0.636927619872692 0.7350992211177716 1.0 0.28183091516500586 0.0 0.0 1.0 1.0 0.0 0.0 1.0 1.0 0.013205163259903197 0.8736542121892705 0.1542478180727142 0.017797353962816467 2.314397145296704E-4 0.10718058639811366 0.0013395614876422649 2.438266840221435E-4
0.692308 0.0 1.0 0.0 0.3333333333333333 0.0 0.8450980400142568 0.16727140193180473 0.0 0.636927619872692 0.7350992211177716 1.0 0.28183091516500586 0.0 0.0 1.0 1.0 0.0 0.0 1.0 1.0 0.013205163259903197 0.8736542121892705 0.1542478180727142 0.017797353962816467 2.314397145296704E-4 0.10718058639811366 0.0013395614876422649 2.438266840221435E-4
0.692308 0.0 1.0 0.0 0.3333333333333333 0.0 0.9030899869919435 0.16727140193180473 0.0 0.636927619872692 0.7350992211177716 1.0 0.28183091516500586 0.0 0.0 1.0 1.0 0.0 0.0 1.0 1.0 0.013205163259903197 0.8736542121892705 0.1542478180727142 0.017797353962816467 2.314397145296704E-4 0.10718058639811366 0.0013395614876422649 2.438266840221435E-4
0.692308 0.0 1.0 0.0 0.3333333333333333 0.0 0.9542425094393249 0.16727140193180473 0.0 0.636927619872692 0.7350992211177716 1.0 0.28183091516500586 0.0 0.0 1.0 1.0 0.0 0.0 1.0 1.0 0.013205163259903197 0.8736542121892705 0.1542478180727142 0.017797353962816467 2.314397145296704E-4 0.10718058639811366 0.0013395614876422649 2.438266840221435E-4
0.692308 0.0 1.0 0.0 1.0 0.0 1.0 0.16727140193180473 0.0 0.636927619872692 0.7350992211177716 1.0 0.28183091516500586 0.0 0.0 1.0 1.0 0.0 0.0 1.0 1.0 0.013205163259903197 0.8736542121892705 0.1542478180727142 0.017797353962816467 2.314397145296704E-4 0.10718058639811366 0.0013395614876422649 2.438266840221435E-4
0.846154 0.0 1.0 0.0 1.0 0.0 0.30102999566398114 0.16727140193180473 0.0 0.636927619872692 0.7350992211177716 1.0 0.28183091516500586 0.0 0.0 1.0 1.0 0.0 0.0 1.0 1.0 0.013205163259903197 0.8736542121892705 0.1542478180727142 0.017797353962816467 2.314397145296704E-4 0.10718058639811366 0.0013395614876422649 2.438266840221435E-4
0.692308 0.0 1.0 0.0 1.0 0.0 0.47712125471966244 0.16727140193180473 0.0 0.636927619872692 0.7350992211177716 1.0 0.28183091516500586 0.0 0.0 1.0 1.0 0.0 0.0 1.0 1.0 0.013205163259903197 0.8736542121892705 0.1542478180727142 0.017797353962816467 2.314397145296704E-4 0.10718058639811366 0.0013395614876422649 2.438266840221435E-4
0.692308 0.0 1.0 0.0 1.0 0.0 0.6020599913279623 0.16727140193180473 0.0 0.636927619872692 0.7350992211177716 1.0 0.28183091516500586 0.0 0.0 1.0 1.0 0.0 0.0 1.0 1.0 0.013205163259903197 0.8736542121892705 0.1542478180727142 0.017797353962816467 2.314397145296704E-4 0.10718058639811366 0.0013395614876422649 2.438266840221435E-4
0.692308 0.0 1.0 0.0 1.0 0.0 0.6989700043360187 0.16727140193180473 0.0 0.636927619872692 0.7350992211177716 1.0 0.28183091516500586 0.0 0.0 1.0 1.0 0.0 0.0 1.0 1.0 0.013205163259903197 0.8736542121892705 0.1542478180727142 0.017797353962816467 2.314397145296704E-4 0.10718058639811366 0.0013395614876422649 2.438266840221435E-4
0.692308 0.0 1.0 0.0 1.0 0.0 0.7781512503836435 0.16727140193180473 0.0 0.636927619872692 0.7350992211177716 1.0 0.28183091516500586 0.0 0.0 1.0 1.0 0.0 0.0 1.0 1.0 0.013205163259903197 0.8736542121892705 0.1542478180727142 0.017797353962816467 2.314397145296704E-4 0.10718058639811366 0.0013395614876422649 2.438266840221435E-4
0.692308 0.0 1.0 0.0 1.0 0.0 0.8450980400142568 0.16727140193180473 0.0 0.636927619872692 0.7350992211177716 1.0 0.28183091516500586 0.0 0.0 1.0 1.0 0.0 0.0 1.0 1.0 0.013205163259903197 0.8736542121892705 0.1542478180727142 0.017797353962816467 2.314397145296704E-4 0.10718058639811366 0.0013395614876422649 2.438266840221435E-4
0.692308 0.0 1.0 0.0 1.0 0.0 0.9030899869919435 0.16727140193180473 0.0 0.636927619872692 0.7350992211177716 1.0 0.28183091516500586 0.0 0.0 1.0 1.0 0.0 0.0 1.0 1.0 0.013205163259903197 0.8736542121892705 0.1542478180727142 0.017797353962816467 2.314397145296704E-4 0.10718058639811366 0.0013395614876422649 2.438266840221435E-4
0.692308 0.0 1.0 0.0 1.0 0.0 0.9542425094393249 0.16727140193180473 0.0 0.636927619872692 0.7350992211177716 1.0 0.28183091516500586 0.0 0.0 1.0 1.0 0.0 0.0 1.0 1.0 0.013205163259903197 0.8736542121892705 0.1542478180727142 0.017797353962816467 2.314397145296704E-4 0.10718058639811366 0.0013395614876422649 2.438266840221435E-4
0.692308 0.0 1.0 0.0 0.5 0.0 1.0 0.16727140193180473 0.0 0.636927619872692 0.7350992211177716 1.0 0.28183091516500586 0.0 0.0 1.0 1.0 0.0 0.0 1.0 1.0 0.013205163259903197 0.8736542121892705 0.1542478180727142 0.017797353962816467 2.314397145296704E-4 0.10718058639811366 0.0013395614876422649 2.438266840221435E-4
0.692308 0.0 1.0 0.0 0.5 0.0 0.30102999566398114 0.16727140193180473 0.0 0.636927619872692 0.7350992211177716 1.0 0.28183091516500586 0.0 0.0 1.0 1.0 0.0 0.0 1.0 1.0 0.013205163259903197 0.8736542121892705 0.1542478180727142 0.017797353962816467 2.314397145296704E-4 0.10718058639811366 0.0013395614876422649 2.438266840221435E-4
0.692308 0.0 1.0 0.0 0.5 0.0 0.47712125471966244 0.16727140193180473 0.0 0.636927619872692 0.7350992211177716 1.0 0.28183091516500586 0.0 0.0 1.0 1.0 0.0 0.0 1.0 1.0 0.013205163259903197 0.8736542121892705 0.1542478180727142 0.017797353962816467 2.314397145296704E-4 0.10718058639811366 0.0013395614876422649 2.438266840221435E-4
0.692308 0.0 1.0 0.0 0.5 0.0 0.6020599913279623 0.16727140193180473 0.0 0.636927619872692 0.7350992211177716 1.0 0.28183091516500586 0.0 0.0 1.0 1.0 0.0 0.0 1.0 1.0 0.013205163259903197 0.8736542121892705 0.1542478180727142 0.017797353962816467 2.314397145296704E-4 0.10718058639811366 0.0013395614876422649 2.438266840221435E-4
0.692308 0.0 1.0 0.0 0.5 0.0 0.6989700043360187 0.16727140193180473 0.0 0.636927619872692 0.7350992211177716 1.0 0.28183091516500586 0.0 0.0 1.0 1.0 0.0 0.0 1.0 1.0 0.013205163259903197 0.8736542121892705 0.1542478180727142 0.017797353962816467 2.314397145296704E-4 0.10718058639811366 0.0013395614876422649 2.438266840221435E-4
0.692308 0.0 1.0 0.0 0.5 0.0 0.7781512503836435 0.16727140193180473 0.0 0.636927619872692 0.7350992211177716 1.0 0.28183091516500586 0.0 0.0 1.0 1.0 0.0 0.0 1.0 1.0 0.013205163259903197 0.8736542121892705 0.1542478180727142 0.017797353962816467 2.314397145296704E-4 0.10718058639811366 0.0013395614876422649 2.438266840221435E-4
0.692308 0.0 1.0 0.0 0.5 0.0 0.8450980400142568 0.16727140193180473 0.0 0.636927619872692 0.7350992211177716 1.0 0.28183091516500586 0.0 0.0 1.0 1.0 0.0 0.0 1.0 1.0 0.013205163259903197 0.8736542121892705 0.1542478180727142 0.017797353962816467 2.314397145296704E-4 0.10718058639811366 0.0013395614876422649 2.438266840221435E-4
0.692308 0.0 1.0 0.0 0.5 0.0 0.9030899869919435 0.16727140193180473 0.0 0.636927619872692 0.7350992211177716 1.0 0.28183091516500586 0.0 0.0 1.0 1.0 0.0 0.0 1.0 1.0 0.013205163259903197 0.8736542121892705 0.1542478180727142 0.017797353962816467 2.314397145296704E-4 0.10718058639811366 0.0013395614876422649 2.438266840221435E-4
0.692308 0.0 1.0 0.0 0.5 0.0 0.9542425094393249 0.16727140193180473 0.0 0.636927619872692 0.7350992211177716 1.0 0.28183091516500586 0.0 0.0 1.0 1.0 0.0 0.0 1.0 1.0 0.013205163259903197 0.8736542121892705 0.1542478180727142 0.017797353962816467 2.314397145296704E-4 0.10718058639811366 0.0013395614876422649 2.438266840221435E-4
0.692308 0.0 0.0 1.0 -0.8333333333333334 0.0 0.0 0.16727140193180473 0.0 0.636927619872692 0.7350992211177716 1.0 0.28183091516500586 0.0 0.0 1.0 1.0 0.0 0.0 1.0 1.0 0.013205163259903197 0.8736542121892705 0.1542478180727142 0.017797353962816467 2.314397145296704E-4 0.10718058639811366 0.0013395614876422649 2.438266840221435E-4
0.692308 0.0 0.0 1.0 -0.6666666666666666 0.0 0.0 0.16727140193180473 0.0 0.636927619872692 0.7350992211177716 1.0 0.28183091516500586 0.0 0.0 1.0 1.0 0.0 0.0 1.0 1.0 0.013205163259903197 0.8736542121892705 0.1542478180727142 0.017797353962816467 2.314397145296704E-4 0.10718058639811366 0.0013395614876422649 2.438266840221435E-4
0.692308 0.0 0.0 1.0 -0.5 0.0 0.0 0.16727140193180473 0.0 0.636927619872692 0.7350992211177716 1.0 0.28183091516500586 0.0 0.0 1.0 1.0 0.0 0.0 1.0 1.0 0.013205163259903197 0.8736542121892705 0.1542478180727142 0.017797353962816467 2.314397145296704E-4 0.10718058639811366 0.0013395614876422649 2.438266840221435E-4
0.692308 0.0 0.0 1.0 -0.3333333333333333 0.0 0.0 0.16727140193180473 0.0 0.636927619872692 0.7350992211177716 1.0 0.28183091516500586 0.0 0.0 1.0 1.0 0.0 0.0 1.0 1.0 0.013205163259903197 0.8736542121892705 0.1542478180727142 0.017797353962816467 2.314397145296704E-4 0.10718058639811366 0.0013395614876422649 2.438266840221435E-4
0.692308 0.0 0.0 1.0 -0.16666666666666666 0.0 0.0 0.16727140193180473 0.0 0.636927619872692 0.7350992211177716 1.0 0.28183091516500586 0.0 0.0 1.0 1.0 0.0 0.0 1.0 1.0 0.013205163259903197 0.8736542121892705 0.1542478180727142 0.017797353962816467 2.314397145296704E-4 0.10718058639811366 0.0013395614876422649 2.438266840221435E-4
0.692308 0.0 0.0 1.0 0.6666666666666666 0.0 0.0 0.16727140193180473 0.0 0.636927619872692 0.7350992211177716 1.0 0.28183091516500586 0.0 0.0 1.0 1.0 0.0 0.0 1.0 1.0 0.013205163259903197 0.8736542121892705 0.1542478180727142 0.017797353962816467 2.314397145296704E-4 0.10718058639811366 0.0013395614876422649 2.438266840221435E-4
0.846154 0.0 0.0 1.0 0.0 0.0 0.0 0.16727140193180473 0.0 0.636927619872692 0.7350992211177716 1.0 0.28183091516500586 0.0 0.0 1.0 1.0 0.0 0.0 1.0 1.0 0.013205163259903197 0.8736542121892705 0.1542478180727142 0.017797353962816467 2.314397145296704E-4 0.10718058639811366 0.0013395614876422649 2.438266840221435E-4
0.692308 0.0 0.0 1.0 0.16666666666666666 0.0 0.0 0.16727140193180473 0.0 0.636927619872692 0.7350992211177716 1.0 0.28183091516500586 0.0 0.0 1.0 1.0 0.0 0.0 1.0 1.0 0.013205163259903197 0.8736542121892705 0.1542478180727142 0.017797353962816467 2.314397145296704E-4 0.10718058639811366 0.0013395614876422649 2.438266840221435E-4
0.692308 0.0 0.0 1.0 0.8333333333333334 0.0 0.0 0.16727140193180473 0.0 0.636927619872692 0.7350992211177716 1.0 0.28183091516500586 0.0 0.0 1.0 1.0 0.0 0.0 1.0 1.0 0.013205163259903197 0.8736542121892705 0.1542478180727142 0.017797353962816467 2.314397145296704E-4 0.10718058639811366 0.0013395614876422649 2.438266840221435E-4
0.692308 0.0 0.0 1.0 0.3333333333333333 0.0 0.0 0.16727140193180473 0.0 0.636927619872692 0.7350992211177716 1.0 0.28183091516500586 0.0 0.0 1.0 1.0 0.0 0.0 1.0 1.0 0.013205163259903197 0.8736542121892705 0.1542478180727142 0.017797353962816467 2.314397145296704E-4 0.10718058639811366 0.0013395614876422649 2.438266840221435E-4
0.692308 0.0 0.0 1.0 1.0 0.0 0.0 0.16727140193180473 0.0 0.636927619872692 0.7350992211177716 1.0 0.28183091516500586 0.0 0.0 1.0 1.0 0.0 0.0 1.0 1.0 0.013205163259903197 0.8736542121892705 0.1542478180727142 0.017797353962816467 2.314397145296704E-4 0.10718058639811366 0.0013395614876422649 2.438266840221435E-4
0.692308 0.0 0.0 1.0 0.5 0.0 0.0 0.16727140193180473 0.0 0.636927619872692 0.7350992211177716 1.0 0.28183091516500586 0.0 0.0 1.0 1.0 0.0 0.0 1.0 1.0 0.013205163259903197 0.8736542121892705 0.1542478180727142 0.017797353962816467 2.314397145296704E-4 0.10718058639811366 0.0013395614876422649 2.438266840221435E-4
